350 6011
1 6 1
1 13 1
1 21 1
1 36 1
1 41 1
1 51 1
1 54 1
1 56 1
1 75 1
1 78 1
1 84 1
1 100 1
1 105 1
1 123 1
1 131 1
1 134 1
1 149 1
1 152 1
1 155 1
1 174 1
1 176 1
1 179 1
1 205 1
1 217 1
1 219 1
1 221 1
1 224 1
1 226 1
1 234 1
1 237 1
1 255 1
1 260 1
1 263 1
1 266 1
1 270 1
1 282 1
1 291 1
1 294 1
1 299 1
1 305 1
1 318 1
1 320 1
1 322 1
1 339 1
2 7 1
2 21 1
2 26 1
2 28 1
2 50 1
2 65 1
2 100 1
2 102 1
2 104 1
2 107 1
2 125 1
2 133 1
2 140 1
2 156 1
2 163 1
2 167 1
2 189 1
2 196 1
2 203 1
2 206 1
2 263 1
2 290 1
2 321 1
2 324 1
2 334 1
2 341 1
3 5 1
3 9 1
3 14 1
3 20 1
3 44 1
3 51 1
3 84 1
3 92 1
3 98 1
3 103 1
3 117 1
3 124 1
3 129 1
3 135 1
3 148 1
3 153 1
3 179 1
3 184 1
3 187 1
3 198 1
3 203 1
3 206 1
3 230 1
3 258 1
3 282 1
3 283 1
3 291 1
3 330 1
3 334 1
3 335 1
3 343 1
3 345 1
4 6 1
4 7 1
4 45 1
4 48 1
4 51 1
4 59 1
4 70 1
4 71 1
4 76 1
4 94 1
4 99 1
4 116 1
4 125 1
4 154 1
4 168 1
4 183 1
4 197 1
4 209 1
4 232 1
4 243 1
4 249 1
4 264 1
4 269 1
4 270 1
4 277 1
4 296 1
4 308 1
4 324 1
4 329 1
4 336 1
4 343 1
4 344 1
5 7 1
5 21 1
5 26 1
5 35 1
5 46 1
5 48 1
5 49 1
5 55 1
5 62 1
5 69 1
5 85 1
5 125 1
5 129 1
5 133 1
5 147 1
5 164 1
5 174 1
5 183 1
5 188 1
5 191 1
5 196 1
5 198 1
5 205 1
5 219 1
5 223 1
5 230 1
5 238 1
5 239 1
5 247 1
5 256 1
5 271 1
5 286 1
5 291 1
5 313 1
5 315 1
5 325 1
5 326 1
5 338 1
5 341 1
6 10 1
6 13 1
6 23 1
6 25 1
6 30 1
6 41 1
6 60 1
6 85 1
6 86 1
6 90 1
6 94 1
6 95 1
6 121 1
6 127 1
6 131 1
6 141 1
6 142 1
6 143 1
6 151 1
6 176 1
6 203 1
6 218 1
6 244 1
6 248 1
6 257 1
6 258 1
6 259 1
6 276 1
6 282 1
6 304 1
6 346 1
7 9 1
7 11 1
7 35 1
7 45 1
7 66 1
7 68 1
7 80 1
7 130 1
7 140 1
7 147 1
7 161 1
7 178 1
7 206 1
7 213 1
7 221 1
7 242 1
7 259 1
7 264 1
7 276 1
7 278 1
7 280 1
7 297 1
7 300 1
7 313 1
7 329 1
8 11 1
8 47 1
8 52 1
8 60 1
8 79 1
8 103 1
8 112 1
8 119 1
8 129 1
8 139 1
8 149 1
8 152 1
8 159 1
8 169 1
8 179 1
8 190 1
8 193 1
8 223 1
8 225 1
8 232 1
8 234 1
8 238 1
8 243 1
8 263 1
8 269 1
8 279 1
8 299 1
8 301 1
8 327 1
9 22 1
9 33 1
9 36 1
9 39 1
9 45 1
9 55 1
9 58 1
9 71 1
9 74 1
9 92 1
9 93 1
9 122 1
9 134 1
9 141 1
9 150 1
9 177 1
9 191 1
9 197 1
9 204 1
9 226 1
9 227 1
9 235 1
9 238 1
9 240 1
9 241 1
9 243 1
9 249 1
9 250 1
9 266 1
9 275 1
9 280 1
9 297 1
9 305 1
9 308 1
9 335 1
9 339 1
9 343 1
9 349 1
9 350 1
10 25 1
10 27 1
10 38 1
10 66 1
10 85 1
10 93 1
10 94 1
10 119 1
10 129 1
10 133 1
10 141 1
10 167 1
10 174 1
10 185 1
10 188 1
10 199 1
10 217 1
10 219 1
10 221 1
10 237 1
10 239 1
10 246 1
10 255 1
10 261 1
10 262 1
10 271 1
10 280 1
10 292 1
10 344 1
11 45 1
11 46 1
11 62 1
11 92 1
11 102 1
11 119 1
11 127 1
11 149 1
11 152 1
11 157 1
11 161 1
11 166 1
11 185 1
11 191 1
11 207 1
11 217 1
11 226 1
11 233 1
11 235 1
11 246 1
11 254 1
11 270 1
11 281 1
11 302 1
11 337 1
12 15 1
12 18 1
12 19 1
12 33 1
12 34 1
12 53 1
12 68 1
12 98 1
12 104 1
12 105 1
12 108 1
12 111 1
12 122 1
12 137 1
12 145 1
12 153 1
12 194 1
12 195 1
12 207 1
12 212 1
12 217 1
12 232 1
12 233 1
12 236 1
12 239 1
12 246 1
12 253 1
12 264 1
12 318 1
12 339 1
12 346 1
12 347 1
12 348 1
13 17 1
13 23 1
13 35 1
13 37 1
13 40 1
13 68 1
13 73 1
13 83 1
13 96 1
13 101 1
13 107 1
13 127 1
13 135 1
13 138 1
13 144 1
13 159 1
13 164 1
13 186 1
13 192 1
13 214 1
13 218 1
13 228 1
13 237 1
13 241 1
13 255 1
13 273 1
13 306 1
13 310 1
13 322 1
13 327 1
14 33 1
14 73 1
14 79 1
14 81 1
14 102 1
14 109 1
14 133 1
14 149 1
14 164 1
14 167 1
14 168 1
14 170 1
14 171 1
14 181 1
14 186 1
14 199 1
14 202 1
14 229 1
14 239 1
14 248 1
14 255 1
14 291 1
14 309 1
14 317 1
14 326 1
14 328 1
14 337 1
14 343 1
14 348 1
15 23 1
15 24 1
15 30 1
15 35 1
15 40 1
15 47 1
15 50 1
15 58 1
15 76 1
15 77 1
15 87 1
15 89 1
15 94 1
15 102 1
15 104 1
15 116 1
15 126 1
15 142 1
15 144 1
15 146 1
15 192 1
15 195 1
15 201 1
15 208 1
15 212 1
15 236 1
15 239 1
15 248 1
15 264 1
15 267 1
15 278 1
15 285 1
15 288 1
15 290 1
15 291 1
15 293 1
15 297 1
15 299 1
15 300 1
15 306 1
15 332 1
15 340 1
15 345 1
15 348 1
15 349 1
16 29 1
16 33 1
16 37 1
16 54 1
16 60 1
16 82 1
16 92 1
16 95 1
16 118 1
16 128 1
16 131 1
16 141 1
16 152 1
16 168 1
16 173 1
16 177 1
16 191 1
16 201 1
16 213 1
16 232 1
16 242 1
16 250 1
16 267 1
16 296 1
16 336 1
16 337 1
16 344 1
17 25 1
17 30 1
17 38 1
17 43 1
17 64 1
17 67 1
17 72 1
17 96 1
17 125 1
17 129 1
17 137 1
17 140 1
17 161 1
17 162 1
17 168 1
17 175 1
17 189 1
17 206 1
17 222 1
17 233 1
17 235 1
17 247 1
17 274 1
17 275 1
17 277 1
17 279 1
17 305 1
17 313 1
17 318 1
17 323 1
17 331 1
17 342 1
18 29 1
18 51 1
18 63 1
18 65 1
18 71 1
18 99 1
18 103 1
18 107 1
18 108 1
18 119 1
18 130 1
18 136 1
18 147 1
18 151 1
18 157 1
18 176 1
18 189 1
18 191 1
18 192 1
18 195 1
18 217 1
18 234 1
18 236 1
18 276 1
18 293 1
18 299 1
18 303 1
18 315 1
18 318 1
18 333 1
18 342 1
19 21 1
19 32 1
19 33 1
19 37 1
19 53 1
19 60 1
19 64 1
19 81 1
19 84 1
19 98 1
19 110 1
19 128 1
19 129 1
19 142 1
19 151 1
19 176 1
19 192 1
19 198 1
19 201 1
19 225 1
19 240 1
19 242 1
19 248 1
19 269 1
19 272 1
19 273 1
19 286 1
19 303 1
20 22 1
20 53 1
20 58 1
20 61 1
20 64 1
20 68 1
20 82 1
20 83 1
20 98 1
20 109 1
20 122 1
20 125 1
20 133 1
20 150 1
20 157 1
20 176 1
20 192 1
20 194 1
20 199 1
20 215 1
20 226 1
20 232 1
20 246 1
20 250 1
20 264 1
20 265 1
20 266 1
20 268 1
20 281 1
20 287 1
20 288 1
20 296 1
20 307 1
20 330 1
21 39 1
21 54 1
21 68 1
21 73 1
21 93 1
21 96 1
21 132 1
21 134 1
21 141 1
21 157 1
21 159 1
21 163 1
21 167 1
21 169 1
21 182 1
21 186 1
21 191 1
21 194 1
21 218 1
21 223 1
21 237 1
21 239 1
21 247 1
21 258 1
21 287 1
21 308 1
21 312 1
21 315 1
21 322 1
21 329 1
22 35 1
22 36 1
22 38 1
22 47 1
22 62 1
22 65 1
22 67 1
22 75 1
22 79 1
22 84 1
22 85 1
22 121 1
22 139 1
22 167 1
22 176 1
22 185 1
22 186 1
22 189 1
22 191 1
22 211 1
22 217 1
22 228 1
22 230 1
22 234 1
22 241 1
22 280 1
22 283 1
22 285 1
22 286 1
23 26 1
23 49 1
23 57 1
23 59 1
23 73 1
23 80 1
23 96 1
23 108 1
23 115 1
23 121 1
23 133 1
23 140 1
23 158 1
23 184 1
23 201 1
23 202 1
23 203 1
23 248 1
23 261 1
23 275 1
23 294 1
23 314 1
23 347 1
23 349 1
24 27 1
24 32 1
24 56 1
24 62 1
24 70 1
24 78 1
24 80 1
24 105 1
24 109 1
24 116 1
24 127 1
24 167 1
24 176 1
24 209 1
24 212 1
24 224 1
24 228 1
24 231 1
24 243 1
24 244 1
24 248 1
24 254 1
24 262 1
24 273 1
24 278 1
24 279 1
24 293 1
24 311 1
24 316 1
24 317 1
24 318 1
24 327 1
24 331 1
24 337 1
24 338 1
24 342 1
24 350 1
25 26 1
25 36 1
25 37 1
25 47 1
25 51 1
25 64 1
25 80 1
25 95 1
25 100 1
25 105 1
25 107 1
25 120 1
25 140 1
25 155 1
25 160 1
25 161 1
25 182 1
25 188 1
25 203 1
25 209 1
25 216 1
25 217 1
25 218 1
25 229 1
25 258 1
25 261 1
25 339 1
26 45 1
26 46 1
26 51 1
26 53 1
26 66 1
26 86 1
26 100 1
26 105 1
26 110 1
26 133 1
26 146 1
26 163 1
26 183 1
26 199 1
26 201 1
26 203 1
26 218 1
26 228 1
26 230 1
26 234 1
26 245 1
26 247 1
26 254 1
26 257 1
26 269 1
26 270 1
26 279 1
26 280 1
26 286 1
26 299 1
26 302 1
26 304 1
26 310 1
26 324 1
26 336 1
27 45 1
27 55 1
27 56 1
27 64 1
27 88 1
27 91 1
27 118 1
27 119 1
27 120 1
27 124 1
27 130 1
27 131 1
27 142 1
27 144 1
27 178 1
27 220 1
27 249 1
27 255 1
27 266 1
27 283 1
27 291 1
27 294 1
27 299 1
27 306 1
27 318 1
27 323 1
27 336 1
28 29 1
28 51 1
28 52 1
28 61 1
28 62 1
28 73 1
28 78 1
28 87 1
28 90 1
28 96 1
28 97 1
28 126 1
28 129 1
28 132 1
28 151 1
28 152 1
28 153 1
28 156 1
28 163 1
28 170 1
28 171 1
28 203 1
28 205 1
28 212 1
28 214 1
28 221 1
28 224 1
28 249 1
28 250 1
28 262 1
28 266 1
28 271 1
28 283 1
28 295 1
28 302 1
28 317 1
28 327 1
28 343 1
29 36 1
29 41 1
29 57 1
29 65 1
29 67 1
29 91 1
29 95 1
29 108 1
29 113 1
29 119 1
29 130 1
29 140 1
29 148 1
29 157 1
29 159 1
29 185 1
29 200 1
29 207 1
29 211 1
29 213 1
29 217 1
29 267 1
29 276 1
29 277 1
29 290 1
29 293 1
29 302 1
29 319 1
29 328 1
29 332 1
29 335 1
29 338 1
29 348 1
30 62 1
30 64 1
30 69 1
30 77 1
30 81 1
30 94 1
30 106 1
30 107 1
30 109 1
30 116 1
30 132 1
30 141 1
30 153 1
30 198 1
30 207 1
30 218 1
30 219 1
30 238 1
30 250 1
30 258 1
30 280 1
30 293 1
30 304 1
30 317 1
30 319 1
30 329 1
30 335 1
30 341 1
30 342 1
31 34 1
31 45 1
31 57 1
31 66 1
31 85 1
31 87 1
31 108 1
31 109 1
31 119 1
31 121 1
31 125 1
31 128 1
31 129 1
31 134 1
31 142 1
31 152 1
31 178 1
31 194 1
31 216 1
31 224 1
31 226 1
31 238 1
31 253 1
31 256 1
31 276 1
31 288 1
31 293 1
31 296 1
31 318 1
31 319 1
31 336 1
31 344 1
32 37 1
32 72 1
32 83 1
32 86 1
32 93 1
32 106 1
32 107 1
32 108 1
32 110 1
32 111 1
32 129 1
32 132 1
32 133 1
32 148 1
32 170 1
32 178 1
32 181 1
32 182 1
32 185 1
32 216 1
32 222 1
32 247 1
32 250 1
32 258 1
32 263 1
32 269 1
32 273 1
32 303 1
32 305 1
32 329 1
32 334 1
32 343 1
33 35 1
33 41 1
33 43 1
33 54 1
33 72 1
33 76 1
33 77 1
33 84 1
33 87 1
33 90 1
33 108 1
33 116 1
33 126 1
33 128 1
33 134 1
33 140 1
33 145 1
33 146 1
33 177 1
33 192 1
33 196 1
33 200 1
33 209 1
33 214 1
33 224 1
33 227 1
33 254 1
33 264 1
33 270 1
33 275 1
33 283 1
33 305 1
33 334 1
34 38 1
34 84 1
34 105 1
34 120 1
34 122 1
34 126 1
34 130 1
34 137 1
34 144 1
34 151 1
34 157 1
34 163 1
34 164 1
34 170 1
34 179 1
34 182 1
34 184 1
34 193 1
34 196 1
34 229 1
34 268 1
34 274 1
34 276 1
34 302 1
34 325 1
35 46 1
35 53 1
35 71 1
35 121 1
35 128 1
35 144 1
35 148 1
35 168 1
35 197 1
35 198 1
35 209 1
35 214 1
35 217 1
35 219 1
35 221 1
35 240 1
35 255 1
35 262 1
35 270 1
35 282 1
35 293 1
35 305 1
35 308 1
35 314 1
35 316 1
35 320 1
35 327 1
35 328 1
35 341 1
36 39 1
36 63 1
36 69 1
36 77 1
36 80 1
36 92 1
36 100 1
36 133 1
36 139 1
36 142 1
36 163 1
36 176 1
36 203 1
36 206 1
36 207 1
36 256 1
36 268 1
36 273 1
36 296 1
36 297 1
36 298 1
36 303 1
36 305 1
36 306 1
36 312 1
36 322 1
36 328 1
36 330 1
36 342 1
36 347 1
37 41 1
37 45 1
37 66 1
37 71 1
37 104 1
37 110 1
37 115 1
37 117 1
37 138 1
37 144 1
37 150 1
37 151 1
37 157 1
37 171 1
37 184 1
37 207 1
37 208 1
37 213 1
37 215 1
37 232 1
37 233 1
37 235 1
37 240 1
37 247 1
37 249 1
37 265 1
37 268 1
37 293 1
37 301 1
37 303 1
37 312 1
37 319 1
37 322 1
37 330 1
38 40 1
38 41 1
38 68 1
38 77 1
38 79 1
38 99 1
38 104 1
38 107 1
38 112 1
38 133 1
38 158 1
38 165 1
38 173 1
38 201 1
38 225 1
38 243 1
38 254 1
38 262 1
38 273 1
38 274 1
38 275 1
38 279 1
38 285 1
38 287 1
38 294 1
38 307 1
38 323 1
38 330 1
38 336 1
38 342 1
39 72 1
39 73 1
39 85 1
39 87 1
39 92 1
39 114 1
39 118 1
39 136 1
39 149 1
39 156 1
39 178 1
39 180 1
39 197 1
39 203 1
39 225 1
39 227 1
39 248 1
39 255 1
39 258 1
39 260 1
39 268 1
39 283 1
39 306 1
39 324 1
39 331 1
39 339 1
40 51 1
40 67 1
40 69 1
40 90 1
40 91 1
40 94 1
40 104 1
40 111 1
40 117 1
40 137 1
40 144 1
40 160 1
40 165 1
40 192 1
40 210 1
40 216 1
40 236 1
40 254 1
40 260 1
40 282 1
40 290 1
40 319 1
40 328 1
40 330 1
40 336 1
40 338 1
40 343 1
40 346 1
41 47 1
41 51 1
41 57 1
41 63 1
41 67 1
41 95 1
41 134 1
41 161 1
41 171 1
41 172 1
41 174 1
41 195 1
41 224 1
41 235 1
41 238 1
41 239 1
41 241 1
41 295 1
41 310 1
41 315 1
41 316 1
41 331 1
41 349 1
42 44 1
42 47 1
42 54 1
42 60 1
42 85 1
42 122 1
42 133 1
42 149 1
42 152 1
42 173 1
42 182 1
42 196 1
42 198 1
42 207 1
42 234 1
42 241 1
42 253 1
42 264 1
42 275 1
42 276 1
42 281 1
42 283 1
42 284 1
42 297 1
42 299 1
42 303 1
42 327 1
42 332 1
42 343 1
42 347 1
43 45 1
43 51 1
43 64 1
43 68 1
43 78 1
43 90 1
43 95 1
43 98 1
43 99 1
43 101 1
43 113 1
43 126 1
43 128 1
43 148 1
43 160 1
43 168 1
43 174 1
43 178 1
43 188 1
43 222 1
43 238 1
43 242 1
43 247 1
43 265 1
43 276 1
43 282 1
43 283 1
43 302 1
43 313 1
43 331 1
43 337 1
44 48 1
44 53 1
44 72 1
44 86 1
44 88 1
44 89 1
44 97 1
44 100 1
44 103 1
44 109 1
44 134 1
44 151 1
44 163 1
44 165 1
44 182 1
44 196 1
44 197 1
44 205 1
44 242 1
44 269 1
44 335 1
44 337 1
44 341 1
45 56 1
45 73 1
45 74 1
45 75 1
45 79 1
45 102 1
45 133 1
45 153 1
45 163 1
45 166 1
45 178 1
45 183 1
45 185 1
45 192 1
45 197 1
45 206 1
45 211 1
45 219 1
45 228 1
45 232 1
45 235 1
45 246 1
45 247 1
45 252 1
45 256 1
45 273 1
45 274 1
45 276 1
45 283 1
45 293 1
45 303 1
45 304 1
45 307 1
45 313 1
45 321 1
45 325 1
45 329 1
45 341 1
45 344 1
46 48 1
46 54 1
46 71 1
46 74 1
46 77 1
46 90 1
46 94 1
46 104 1
46 106 1
46 107 1
46 112 1
46 116 1
46 127 1
46 130 1
46 139 1
46 143 1
46 156 1
46 175 1
46 178 1
46 181 1
46 183 1
46 200 1
46 211 1
46 214 1
46 226 1
46 246 1
46 270 1
46 275 1
46 281 1
46 284 1
46 308 1
46 316 1
46 323 1
46 350 1
47 59 1
47 60 1
47 65 1
47 92 1
47 101 1
47 129 1
47 130 1
47 144 1
47 145 1
47 192 1
47 193 1
47 194 1
47 195 1
47 203 1
47 205 1
47 250 1
47 252 1
47 253 1
47 267 1
47 273 1
47 293 1
47 294 1
47 301 1
47 315 1
48 49 1
48 50 1
48 55 1
48 59 1
48 65 1
48 68 1
48 82 1
48 103 1
48 107 1
48 123 1
48 128 1
48 130 1
48 139 1
48 158 1
48 161 1
48 164 1
48 165 1
48 174 1
48 214 1
48 220 1
48 238 1
48 255 1
48 262 1
48 271 1
48 272 1
48 284 1
48 288 1
48 293 1
48 317 1
48 319 1
48 332 1
48 349 1
49 53 1
49 63 1
49 73 1
49 104 1
49 129 1
49 134 1
49 136 1
49 163 1
49 165 1
49 169 1
49 175 1
49 176 1
49 206 1
49 220 1
49 224 1
49 234 1
49 239 1
49 251 1
49 265 1
49 273 1
49 278 1
49 289 1
49 290 1
49 291 1
49 341 1
49 344 1
50 53 1
50 69 1
50 99 1
50 110 1
50 120 1
50 122 1
50 124 1
50 144 1
50 160 1
50 185 1
50 187 1
50 190 1
50 198 1
50 218 1
50 223 1
50 242 1
50 253 1
50 258 1
50 267 1
50 272 1
50 275 1
50 283 1
50 289 1
50 332 1
50 333 1
50 334 1
51 59 1
51 81 1
51 85 1
51 86 1
51 114 1
51 151 1
51 159 1
51 160 1
51 171 1
51 189 1
51 193 1
51 195 1
51 209 1
51 231 1
51 237 1
51 240 1
51 258 1
51 259 1
51 265 1
51 285 1
51 301 1
51 302 1
51 323 1
51 328 1
51 329 1
51 342 1
51 345 1
51 348 1
52 53 1
52 57 1
52 65 1
52 79 1
52 88 1
52 97 1
52 126 1
52 149 1
52 150 1
52 155 1
52 157 1
52 162 1
52 173 1
52 176 1
52 178 1
52 218 1
52 222 1
52 229 1
52 232 1
52 240 1
52 251 1
52 253 1
52 264 1
52 277 1
52 284 1
52 295 1
52 317 1
53 58 1
53 60 1
53 71 1
53 72 1
53 124 1
53 161 1
53 174 1
53 181 1
53 182 1
53 184 1
53 203 1
53 204 1
53 228 1
53 232 1
53 250 1
53 258 1
53 259 1
53 261 1
53 293 1
53 302 1
53 333 1
53 341 1
53 344 1
54 57 1
54 60 1
54 68 1
54 70 1
54 87 1
54 91 1
54 102 1
54 116 1
54 119 1
54 122 1
54 134 1
54 170 1
54 183 1
54 184 1
54 228 1
54 248 1
54 264 1
54 266 1
54 288 1
54 290 1
54 302 1
54 322 1
54 326 1
54 334 1
54 336 1
54 341 1
54 343 1
55 58 1
55 70 1
55 86 1
55 92 1
55 111 1
55 119 1
55 137 1
55 138 1
55 143 1
55 145 1
55 146 1
55 152 1
55 157 1
55 163 1
55 178 1
55 205 1
55 245 1
55 260 1
55 273 1
55 274 1
55 305 1
55 308 1
55 309 1
55 314 1
55 335 1
55 336 1
56 64 1
56 68 1
56 75 1
56 83 1
56 84 1
56 87 1
56 101 1
56 102 1
56 117 1
56 119 1
56 121 1
56 134 1
56 149 1
56 151 1
56 163 1
56 181 1
56 190 1
56 203 1
56 208 1
56 214 1
56 219 1
56 223 1
56 225 1
56 237 1
56 252 1
56 256 1
56 259 1
56 271 1
56 275 1
56 281 1
56 289 1
56 302 1
56 304 1
56 335 1
56 338 1
56 339 1
56 343 1
56 344 1
57 58 1
57 69 1
57 93 1
57 99 1
57 101 1
57 125 1
57 134 1
57 151 1
57 166 1
57 167 1
57 175 1
57 181 1
57 184 1
57 204 1
57 234 1
57 243 1
57 244 1
57 250 1
57 253 1
57 256 1
57 295 1
57 296 1
57 298 1
57 303 1
57 315 1
57 316 1
57 339 1
57 349 1
58 61 1
58 71 1
58 89 1
58 91 1
58 93 1
58 120 1
58 139 1
58 152 1
58 171 1
58 172 1
58 184 1
58 189 1
58 197 1
58 212 1
58 219 1
58 220 1
58 240 1
58 246 1
58 266 1
58 282 1
58 286 1
58 287 1
58 297 1
58 310 1
58 323 1
58 327 1
59 69 1
59 76 1
59 78 1
59 86 1
59 94 1
59 120 1
59 126 1
59 138 1
59 172 1
59 199 1
59 209 1
59 230 1
59 237 1
59 238 1
59 267 1
59 293 1
59 302 1
59 326 1
59 337 1
59 338 1
59 339 1
59 340 1
59 341 1
59 343 1
60 63 1
60 70 1
60 91 1
60 95 1
60 102 1
60 104 1
60 108 1
60 129 1
60 162 1
60 164 1
60 184 1
60 185 1
60 193 1
60 195 1
60 199 1
60 202 1
60 205 1
60 239 1
60 242 1
60 251 1
60 252 1
60 253 1
60 261 1
60 266 1
60 268 1
60 275 1
60 294 1
60 298 1
60 320 1
60 327 1
60 350 1
61 75 1
61 78 1
61 82 1
61 84 1
61 102 1
61 107 1
61 115 1
61 119 1
61 140 1
61 160 1
61 177 1
61 190 1
61 195 1
61 197 1
61 206 1
61 220 1
61 228 1
61 230 1
61 255 1
61 266 1
61 273 1
61 277 1
61 285 1
61 286 1
61 302 1
61 307 1
61 310 1
61 316 1
61 319 1
61 322 1
61 344 1
62 64 1
62 78 1
62 81 1
62 85 1
62 113 1
62 116 1
62 117 1
62 119 1
62 136 1
62 153 1
62 160 1
62 162 1
62 165 1
62 182 1
62 207 1
62 216 1
62 219 1
62 223 1
62 224 1
62 243 1
62 245 1
62 246 1
62 259 1
62 276 1
62 281 1
62 289 1
62 302 1
62 321 1
62 346 1
62 348 1
63 69 1
63 72 1
63 108 1
63 131 1
63 132 1
63 137 1
63 150 1
63 159 1
63 201 1
63 214 1
63 220 1
63 222 1
63 241 1
63 244 1
63 279 1
63 282 1
63 284 1
63 301 1
63 318 1
63 326 1
63 337 1
63 346 1
63 350 1
64 96 1
64 114 1
64 115 1
64 135 1
64 136 1
64 143 1
64 155 1
64 156 1
64 165 1
64 169 1
64 172 1
64 184 1
64 241 1
64 260 1
64 263 1
64 281 1
64 283 1
64 290 1
64 308 1
64 320 1
65 74 1
65 79 1
65 92 1
65 95 1
65 97 1
65 99 1
65 110 1
65 123 1
65 128 1
65 144 1
65 150 1
65 167 1
65 176 1
65 214 1
65 221 1
65 243 1
65 246 1
65 256 1
65 286 1
65 299 1
65 302 1
65 331 1
65 344 1
66 69 1
66 77 1
66 79 1
66 119 1
66 126 1
66 130 1
66 136 1
66 148 1
66 172 1
66 175 1
66 195 1
66 208 1
66 223 1
66 224 1
66 236 1
66 244 1
66 259 1
66 264 1
66 293 1
66 298 1
66 303 1
66 308 1
66 317 1
66 322 1
66 336 1
66 348 1
67 68 1
67 87 1
67 95 1
67 102 1
67 117 1
67 130 1
67 135 1
67 172 1
67 176 1
67 186 1
67 192 1
67 198 1
67 205 1
67 237 1
67 238 1
67 250 1
67 253 1
67 262 1
67 270 1
67 273 1
67 276 1
67 278 1
67 283 1
67 284 1
67 319 1
67 330 1
67 339 1
67 340 1
67 341 1
67 342 1
67 347 1
68 70 1
68 74 1
68 78 1
68 80 1
68 81 1
68 88 1
68 92 1
68 99 1
68 123 1
68 134 1
68 137 1
68 141 1
68 143 1
68 145 1
68 148 1
68 160 1
68 171 1
68 179 1
68 218 1
68 225 1
68 226 1
68 244 1
68 246 1
68 251 1
68 255 1
68 273 1
68 279 1
68 291 1
68 293 1
68 312 1
68 317 1
68 342 1
69 83 1
69 86 1
69 90 1
69 100 1
69 122 1
69 138 1
69 143 1
69 151 1
69 154 1
69 156 1
69 157 1
69 165 1
69 182 1
69 198 1
69 237 1
69 248 1
69 256 1
69 266 1
69 277 1
69 283 1
69 290 1
69 300 1
69 314 1
69 317 1
69 326 1
70 91 1
70 101 1
70 104 1
70 109 1
70 111 1
70 112 1
70 118 1
70 122 1
70 123 1
70 140 1
70 145 1
70 148 1
70 151 1
70 153 1
70 169 1
70 180 1
70 181 1
70 195 1
70 215 1
70 225 1
70 238 1
70 243 1
70 245 1
70 246 1
70 270 1
70 279 1
70 280 1
70 281 1
70 290 1
70 295 1
70 299 1
70 309 1
70 322 1
70 335 1
70 336 1
70 350 1
71 72 1
71 82 1
71 118 1
71 120 1
71 135 1
71 137 1
71 140 1
71 149 1
71 155 1
71 156 1
71 160 1
71 162 1
71 175 1
71 184 1
71 197 1
71 221 1
71 222 1
71 228 1
71 230 1
71 243 1
71 245 1
71 249 1
71 252 1
71 257 1
71 264 1
71 266 1
71 277 1
71 291 1
71 294 1
71 303 1
71 320 1
71 330 1
71 339 1
71 344 1
71 346 1
71 348 1
72 110 1
72 119 1
72 121 1
72 131 1
72 151 1
72 157 1
72 195 1
72 201 1
72 217 1
72 233 1
72 236 1
72 239 1
72 252 1
72 274 1
72 289 1
72 301 1
72 307 1
72 338 1
72 344 1
72 348 1
73 75 1
73 80 1
73 81 1
73 83 1
73 85 1
73 87 1
73 117 1
73 119 1
73 123 1
73 124 1
73 139 1
73 157 1
73 169 1
73 177 1
73 188 1
73 190 1
73 193 1
73 212 1
73 227 1
73 229 1
73 235 1
73 249 1
73 253 1
73 264 1
73 288 1
73 304 1
73 306 1
73 309 1
73 314 1
73 332 1
73 347 1
74 75 1
74 99 1
74 128 1
74 131 1
74 132 1
74 155 1
74 187 1
74 188 1
74 192 1
74 193 1
74 198 1
74 206 1
74 211 1
74 219 1
74 221 1
74 225 1
74 226 1
74 234 1
74 238 1
74 250 1
74 254 1
74 274 1
74 278 1
74 299 1
74 300 1
74 306 1
74 308 1
74 311 1
74 333 1
74 341 1
74 343 1
74 348 1
75 77 1
75 84 1
75 93 1
75 110 1
75 122 1
75 134 1
75 147 1
75 151 1
75 154 1
75 163 1
75 173 1
75 197 1
75 211 1
75 219 1
75 230 1
75 246 1
75 250 1
75 254 1
75 255 1
75 257 1
75 260 1
75 270 1
75 272 1
75 279 1
75 281 1
75 299 1
75 303 1
75 304 1
75 345 1
75 347 1
76 84 1
76 100 1
76 104 1
76 119 1
76 128 1
76 135 1
76 147 1
76 169 1
76 176 1
76 181 1
76 196 1
76 206 1
76 229 1
76 232 1
76 245 1
76 255 1
76 265 1
76 280 1
76 292 1
76 298 1
76 303 1
76 315 1
76 324 1
76 325 1
76 347 1
76 350 1
77 78 1
77 94 1
77 98 1
77 103 1
77 107 1
77 111 1
77 114 1
77 117 1
77 141 1
77 147 1
77 161 1
77 168 1
77 171 1
77 179 1
77 183 1
77 184 1
77 187 1
77 193 1
77 199 1
77 215 1
77 222 1
77 232 1
77 242 1
77 244 1
77 250 1
77 251 1
77 259 1
77 277 1
77 288 1
77 295 1
77 298 1
77 312 1
77 327 1
77 329 1
77 339 1
78 95 1
78 121 1
78 123 1
78 170 1
78 173 1
78 185 1
78 191 1
78 194 1
78 196 1
78 206 1
78 220 1
78 243 1
78 249 1
78 256 1
78 267 1
78 272 1
78 279 1
78 284 1
78 300 1
78 310 1
79 84 1
79 88 1
79 91 1
79 121 1
79 127 1
79 133 1
79 166 1
79 172 1
79 187 1
79 188 1
79 189 1
79 192 1
79 194 1
79 217 1
79 218 1
79 226 1
79 227 1
79 239 1
79 248 1
79 264 1
79 315 1
79 327 1
79 331 1
79 341 1
79 350 1
80 91 1
80 92 1
80 94 1
80 108 1
80 121 1
80 126 1
80 161 1
80 176 1
80 196 1
80 199 1
80 200 1
80 205 1
80 207 1
80 254 1
80 259 1
80 262 1
80 274 1
80 280 1
80 296 1
80 299 1
80 300 1
80 305 1
80 328 1
80 337 1
80 350 1
81 83 1
81 84 1
81 94 1
81 106 1
81 114 1
81 126 1
81 133 1
81 148 1
81 150 1
81 162 1
81 163 1
81 171 1
81 180 1
81 198 1
81 222 1
81 235 1
81 252 1
81 268 1
81 273 1
81 284 1
81 285 1
81 288 1
81 330 1
81 345 1
81 346 1
82 85 1
82 94 1
82 105 1
82 113 1
82 122 1
82 123 1
82 127 1
82 134 1
82 135 1
82 145 1
82 149 1
82 150 1
82 172 1
82 182 1
82 200 1
82 243 1
82 245 1
82 246 1
82 254 1
82 270 1
82 274 1
82 278 1
82 282 1
82 285 1
82 287 1
82 293 1
82 294 1
82 301 1
82 305 1
82 321 1
82 331 1
82 338 1
83 93 1
83 98 1
83 104 1
83 107 1
83 113 1
83 118 1
83 129 1
83 137 1
83 139 1
83 140 1
83 157 1
83 160 1
83 199 1
83 218 1
83 223 1
83 229 1
83 231 1
83 249 1
83 252 1
83 291 1
83 310 1
83 336 1
84 97 1
84 100 1
84 104 1
84 129 1
84 141 1
84 147 1
84 165 1
84 169 1
84 173 1
84 199 1
84 203 1
84 216 1
84 235 1
84 238 1
84 274 1
84 276 1
84 290 1
84 299 1
84 313 1
85 91 1
85 92 1
85 97 1
85 98 1
85 106 1
85 134 1
85 163 1
85 171 1
85 200 1
85 204 1
85 212 1
85 215 1
85 232 1
85 246 1
85 254 1
85 259 1
85 267 1
85 271 1
85 276 1
85 289 1
85 313 1
85 342 1
85 349 1
86 110 1
86 118 1
86 157 1
86 168 1
86 174 1
86 189 1
86 198 1
86 199 1
86 209 1
86 212 1
86 231 1
86 235 1
86 246 1
86 250 1
86 254 1
86 267 1
86 275 1
86 282 1
86 286 1
86 292 1
86 300 1
86 303 1
86 313 1
86 319 1
86 325 1
86 332 1
86 335 1
86 341 1
86 343 1
87 90 1
87 91 1
87 100 1
87 105 1
87 107 1
87 112 1
87 114 1
87 122 1
87 139 1
87 144 1
87 147 1
87 149 1
87 154 1
87 158 1
87 160 1
87 163 1
87 171 1
87 179 1
87 201 1
87 212 1
87 218 1
87 226 1
87 285 1
87 296 1
87 300 1
87 305 1
87 314 1
87 330 1
87 337 1
88 89 1
88 97 1
88 105 1
88 114 1
88 120 1
88 125 1
88 133 1
88 141 1
88 151 1
88 159 1
88 176 1
88 183 1
88 207 1
88 217 1
88 238 1
88 244 1
88 249 1
88 264 1
88 272 1
88 277 1
88 285 1
88 307 1
88 310 1
88 331 1
88 336 1
88 349 1
88 350 1
89 100 1
89 109 1
89 110 1
89 120 1
89 122 1
89 125 1
89 141 1
89 165 1
89 167 1
89 168 1
89 176 1
89 183 1
89 205 1
89 225 1
89 236 1
89 245 1
89 263 1
89 292 1
89 333 1
89 337 1
90 95 1
90 104 1
90 110 1
90 114 1
90 129 1
90 153 1
90 154 1
90 167 1
90 176 1
90 182 1
90 215 1
90 221 1
90 232 1
90 235 1
90 238 1
90 244 1
90 246 1
90 253 1
90 257 1
90 259 1
90 264 1
90 274 1
90 276 1
90 288 1
90 291 1
90 293 1
90 321 1
90 326 1
90 329 1
90 330 1
90 348 1
90 349 1
91 94 1
91 105 1
91 108 1
91 122 1
91 124 1
91 128 1
91 137 1
91 147 1
91 167 1
91 177 1
91 181 1
91 182 1
91 190 1
91 206 1
91 210 1
91 218 1
91 219 1
91 234 1
91 240 1
91 245 1
91 248 1
91 256 1
91 297 1
91 298 1
91 304 1
91 306 1
91 308 1
91 317 1
91 323 1
91 325 1
91 333 1
91 339 1
92 100 1
92 101 1
92 108 1
92 129 1
92 132 1
92 153 1
92 162 1
92 171 1
92 194 1
92 202 1
92 209 1
92 219 1
92 220 1
92 222 1
92 223 1
92 236 1
92 239 1
92 258 1
92 272 1
92 281 1
92 283 1
92 297 1
92 307 1
92 310 1
92 311 1
92 321 1
92 343 1
92 347 1
93 97 1
93 176 1
93 198 1
93 204 1
93 214 1
93 232 1
93 240 1
93 278 1
93 288 1
93 293 1
93 306 1
93 312 1
93 313 1
93 323 1
94 100 1
94 109 1
94 110 1
94 112 1
94 123 1
94 128 1
94 143 1
94 145 1
94 176 1
94 180 1
94 186 1
94 187 1
94 198 1
94 218 1
94 223 1
94 226 1
94 242 1
94 247 1
94 248 1
94 249 1
94 256 1
94 267 1
94 270 1
94 299 1
94 308 1
94 320 1
94 324 1
94 331 1
94 340 1
95 97 1
95 102 1
95 105 1
95 119 1
95 120 1
95 123 1
95 134 1
95 137 1
95 144 1
95 151 1
95 153 1
95 161 1
95 201 1
95 214 1
95 230 1
95 231 1
95 242 1
95 260 1
95 264 1
95 265 1
95 274 1
95 294 1
95 309 1
95 336 1
95 343 1
96 104 1
96 116 1
96 119 1
96 125 1
96 137 1
96 150 1
96 155 1
96 170 1
96 196 1
96 202 1
96 207 1
96 210 1
96 220 1
96 222 1
96 230 1
96 264 1
96 300 1
96 311 1
96 312 1
96 343 1
97 100 1
97 103 1
97 112 1
97 116 1
97 121 1
97 125 1
97 133 1
97 134 1
97 140 1
97 158 1
97 159 1
97 160 1
97 162 1
97 180 1
97 183 1
97 200 1
97 212 1
97 218 1
97 219 1
97 263 1
97 264 1
97 265 1
97 271 1
97 272 1
97 273 1
97 274 1
97 287 1
97 292 1
97 299 1
97 302 1
97 309 1
97 310 1
97 317 1
97 342 1
98 100 1
98 115 1
98 120 1
98 133 1
98 141 1
98 148 1
98 190 1
98 192 1
98 193 1
98 208 1
98 224 1
98 229 1
98 232 1
98 235 1
98 243 1
98 250 1
98 253 1
98 275 1
98 278 1
98 280 1
98 281 1
98 292 1
98 295 1
98 302 1
98 311 1
98 320 1
98 324 1
98 327 1
98 341 1
99 102 1
99 107 1
99 120 1
99 137 1
99 140 1
99 145 1
99 156 1
99 158 1
99 161 1
99 164 1
99 187 1
99 216 1
99 223 1
99 224 1
99 229 1
99 233 1
99 234 1
99 236 1
99 246 1
99 260 1
99 269 1
99 273 1
99 293 1
99 298 1
99 314 1
99 315 1
99 318 1
99 337 1
100 103 1
100 111 1
100 114 1
100 118 1
100 121 1
100 128 1
100 152 1
100 159 1
100 160 1
100 167 1
100 169 1
100 170 1
100 175 1
100 178 1
100 191 1
100 200 1
100 221 1
100 224 1
100 230 1
100 234 1
100 237 1
100 265 1
100 267 1
100 282 1
100 291 1
100 323 1
100 329 1
101 102 1
101 109 1
101 121 1
101 133 1
101 139 1
101 151 1
101 155 1
101 161 1
101 163 1
101 170 1
101 183 1
101 186 1
101 199 1
101 213 1
101 230 1
101 239 1
101 258 1
101 260 1
101 265 1
101 267 1
101 271 1
101 301 1
101 306 1
101 309 1
101 313 1
101 319 1
101 330 1
102 107 1
102 108 1
102 120 1
102 135 1
102 140 1
102 150 1
102 154 1
102 177 1
102 180 1
102 198 1
102 206 1
102 216 1
102 221 1
102 226 1
102 229 1
102 230 1
102 248 1
102 279 1
102 295 1
102 311 1
102 324 1
102 326 1
102 332 1
102 337 1
102 339 1
103 123 1
103 139 1
103 141 1
103 145 1
103 147 1
103 153 1
103 155 1
103 160 1
103 187 1
103 190 1
103 198 1
103 199 1
103 203 1
103 213 1
103 235 1
103 236 1
103 251 1
103 271 1
103 309 1
103 333 1
104 115 1
104 152 1
104 157 1
104 159 1
104 165 1
104 177 1
104 182 1
104 213 1
104 215 1
104 239 1
104 245 1
104 255 1
104 263 1
104 266 1
104 271 1
104 273 1
104 277 1
104 285 1
104 306 1
104 324 1
104 327 1
104 337 1
104 346 1
105 112 1
105 122 1
105 136 1
105 159 1
105 171 1
105 172 1
105 194 1
105 196 1
105 221 1
105 226 1
105 237 1
105 239 1
105 298 1
105 344 1
106 134 1
106 161 1
106 178 1
106 184 1
106 204 1
106 212 1
106 213 1
106 217 1
106 229 1
106 231 1
106 233 1
106 235 1
106 248 1
106 250 1
106 272 1
106 275 1
106 288 1
106 307 1
106 314 1
106 315 1
106 334 1
106 339 1
106 342 1
107 108 1
107 112 1
107 123 1
107 130 1
107 139 1
107 165 1
107 177 1
107 179 1
107 181 1
107 203 1
107 226 1
107 255 1
107 281 1
107 284 1
107 296 1
107 298 1
107 305 1
107 320 1
107 321 1
108 112 1
108 129 1
108 132 1
108 138 1
108 139 1
108 147 1
108 156 1
108 160 1
108 175 1
108 189 1
108 192 1
108 200 1
108 201 1
108 205 1
108 211 1
108 212 1
108 224 1
108 225 1
108 230 1
108 243 1
108 268 1
108 271 1
108 275 1
108 278 1
108 284 1
108 289 1
108 304 1
108 305 1
108 318 1
108 320 1
109 122 1
109 130 1
109 133 1
109 143 1
109 145 1
109 168 1
109 183 1
109 218 1
109 230 1
109 232 1
109 233 1
109 240 1
109 242 1
109 254 1
109 274 1
109 277 1
109 288 1
109 289 1
109 309 1
109 312 1
109 326 1
109 336 1
109 340 1
109 341 1
109 350 1
110 120 1
110 122 1
110 126 1
110 131 1
110 132 1
110 135 1
110 160 1
110 161 1
110 165 1
110 168 1
110 176 1
110 184 1
110 186 1
110 190 1
110 200 1
110 219 1
110 238 1
110 240 1
110 247 1
110 255 1
110 257 1
110 267 1
110 275 1
110 279 1
110 292 1
110 316 1
110 333 1
110 334 1
110 338 1
110 346 1
111 114 1
111 123 1
111 124 1
111 133 1
111 135 1
111 137 1
111 143 1
111 144 1
111 145 1
111 150 1
111 196 1
111 224 1
111 237 1
111 240 1
111 260 1
111 298 1
111 303 1
111 310 1
111 344 1
112 124 1
112 126 1
112 128 1
112 130 1
112 135 1
112 142 1
112 143 1
112 159 1
112 184 1
112 191 1
112 201 1
112 216 1
112 226 1
112 241 1
112 243 1
112 267 1
112 269 1
112 274 1
112 282 1
112 283 1
112 294 1
112 297 1
112 305 1
112 308 1
112 321 1
112 323 1
112 329 1
112 333 1
112 335 1
113 118 1
113 138 1
113 141 1
113 150 1
113 157 1
113 172 1
113 199 1
113 203 1
113 208 1
113 220 1
113 243 1
113 259 1
113 264 1
113 270 1
113 284 1
113 292 1
113 297 1
113 300 1
113 313 1
113 315 1
113 321 1
113 340 1
113 346 1
114 125 1
114 137 1
114 139 1
114 155 1
114 156 1
114 157 1
114 175 1
114 196 1
114 204 1
114 209 1
114 236 1
114 248 1
114 270 1
114 279 1
114 288 1
114 316 1
114 321 1
114 332 1
114 339 1
114 347 1
115 121 1
115 128 1
115 141 1
115 159 1
115 161 1
115 169 1
115 177 1
115 179 1
115 180 1
115 192 1
115 200 1
115 201 1
115 242 1
115 244 1
115 247 1
115 259 1
115 282 1
115 292 1
115 298 1
115 312 1
115 323 1
115 332 1
115 334 1
115 346 1
116 121 1
116 124 1
116 127 1
116 129 1
116 132 1
116 141 1
116 185 1
116 192 1
116 268 1
116 275 1
116 304 1
116 313 1
116 316 1
116 320 1
116 328 1
116 333 1
116 337 1
116 347 1
117 123 1
117 124 1
117 142 1
117 163 1
117 166 1
117 168 1
117 170 1
117 185 1
117 186 1
117 189 1
117 200 1
117 235 1
117 238 1
117 242 1
117 251 1
117 262 1
117 266 1
117 270 1
117 273 1
117 279 1
117 280 1
117 291 1
117 298 1
117 301 1
117 309 1
117 314 1
117 329 1
117 334 1
117 338 1
118 133 1
118 142 1
118 143 1
118 173 1
118 174 1
118 177 1
118 180 1
118 218 1
118 244 1
118 258 1
118 261 1
118 262 1
118 266 1
118 267 1
118 295 1
118 300 1
118 301 1
118 310 1
118 321 1
118 326 1
119 125 1
119 133 1
119 154 1
119 173 1
119 176 1
119 177 1
119 191 1
119 196 1
119 201 1
119 204 1
119 242 1
119 252 1
119 253 1
119 255 1
119 261 1
119 262 1
119 264 1
119 280 1
119 284 1
119 286 1
119 297 1
119 299 1
119 307 1
119 314 1
119 323 1
119 328 1
119 337 1
119 338 1
119 341 1
120 126 1
120 127 1
120 130 1
120 149 1
120 152 1
120 156 1
120 161 1
120 163 1
120 198 1
120 213 1
120 218 1
120 219 1
120 221 1
120 232 1
120 234 1
120 235 1
120 249 1
120 251 1
120 258 1
120 265 1
120 268 1
120 288 1
120 301 1
120 303 1
120 307 1
120 320 1
120 327 1
120 330 1
120 345 1
120 349 1
121 122 1
121 125 1
121 130 1
121 154 1
121 164 1
121 170 1
121 184 1
121 186 1
121 197 1
121 212 1
121 215 1
121 223 1
121 238 1
121 248 1
121 314 1
121 321 1
121 325 1
121 326 1
121 328 1
121 331 1
121 336 1
121 342 1
122 149 1
122 150 1
122 157 1
122 162 1
122 165 1
122 208 1
122 237 1
122 249 1
122 252 1
122 270 1
122 279 1
122 288 1
122 311 1
122 312 1
122 337 1
123 127 1
123 145 1
123 158 1
123 159 1
123 168 1
123 177 1
123 188 1
123 198 1
123 219 1
123 245 1
123 246 1
123 277 1
123 316 1
123 317 1
123 318 1
123 328 1
123 329 1
123 346 1
123 349 1
124 128 1
124 130 1
124 132 1
124 135 1
124 159 1
124 169 1
124 170 1
124 182 1
124 192 1
124 199 1
124 204 1
124 235 1
124 244 1
124 245 1
124 248 1
124 257 1
124 272 1
124 277 1
124 278 1
124 280 1
124 288 1
124 314 1
124 321 1
125 143 1
125 146 1
125 157 1
125 159 1
125 161 1
125 193 1
125 206 1
125 219 1
125 250 1
125 264 1
125 270 1
125 273 1
125 285 1
125 289 1
125 334 1
125 337 1
126 128 1
126 160 1
126 162 1
126 164 1
126 165 1
126 170 1
126 177 1
126 183 1
126 192 1
126 196 1
126 200 1
126 207 1
126 210 1
126 219 1
126 223 1
126 229 1
126 230 1
126 239 1
126 241 1
126 243 1
126 244 1
126 259 1
126 263 1
126 266 1
126 268 1
126 271 1
126 276 1
126 277 1
126 290 1
126 304 1
126 305 1
126 314 1
126 322 1
126 332 1
126 338 1
126 339 1
127 161 1
127 164 1
127 169 1
127 192 1
127 203 1
127 211 1
127 228 1
127 231 1
127 234 1
127 242 1
127 254 1
127 266 1
127 275 1
127 284 1
127 291 1
127 312 1
127 325 1
127 328 1
127 333 1
127 334 1
128 130 1
128 135 1
128 149 1
128 154 1
128 171 1
128 185 1
128 190 1
128 193 1
128 200 1
128 201 1
128 205 1
128 206 1
128 215 1
128 216 1
128 238 1
128 247 1
128 264 1
128 270 1
128 272 1
128 315 1
128 326 1
128 328 1
128 343 1
128 346 1
129 159 1
129 160 1
129 174 1
129 196 1
129 199 1
129 202 1
129 216 1
129 226 1
129 230 1
129 233 1
129 234 1
129 257 1
129 267 1
129 293 1
129 294 1
129 299 1
129 310 1
129 317 1
129 332 1
129 333 1
129 343 1
130 145 1
130 155 1
130 159 1
130 166 1
130 176 1
130 180 1
130 201 1
130 204 1
130 213 1
130 219 1
130 222 1
130 251 1
130 260 1
130 267 1
130 274 1
130 288 1
130 300 1
130 304 1
130 312 1
130 319 1
130 331 1
131 141 1
131 147 1
131 148 1
131 162 1
131 164 1
131 176 1
131 178 1
131 189 1
131 239 1
131 252 1
131 257 1
131 269 1
131 274 1
131 275 1
131 279 1
131 289 1
131 295 1
131 330 1
131 331 1
131 345 1
132 133 1
132 134 1
132 142 1
132 162 1
132 163 1
132 176 1
132 199 1
132 214 1
132 238 1
132 240 1
132 259 1
132 260 1
132 283 1
132 284 1
132 294 1
132 303 1
133 134 1
133 139 1
133 147 1
133 153 1
133 171 1
133 180 1
133 190 1
133 196 1
133 202 1
133 213 1
133 248 1
133 252 1
133 255 1
133 266 1
133 295 1
133 309 1
133 312 1
133 317 1
133 331 1
133 333 1
133 349 1
133 350 1
134 136 1
134 137 1
134 141 1
134 155 1
134 160 1
134 163 1
134 165 1
134 166 1
134 169 1
134 174 1
134 187 1
134 210 1
134 226 1
134 237 1
134 239 1
134 249 1
134 255 1
134 256 1
134 272 1
134 285 1
134 301 1
134 302 1
134 337 1
134 344 1
134 350 1
135 144 1
135 162 1
135 174 1
135 176 1
135 191 1
135 195 1
135 206 1
135 222 1
135 234 1
135 244 1
135 273 1
135 279 1
135 283 1
135 285 1
135 286 1
135 291 1
135 296 1
135 310 1
135 329 1
135 331 1
135 335 1
135 342 1
136 142 1
136 143 1
136 155 1
136 157 1
136 161 1
136 173 1
136 228 1
136 232 1
136 238 1
136 244 1
136 247 1
136 248 1
136 259 1
136 281 1
136 284 1
136 290 1
136 313 1
136 320 1
136 337 1
136 350 1
137 140 1
137 156 1
137 172 1
137 177 1
137 196 1
137 220 1
137 240 1
137 242 1
137 248 1
137 250 1
137 261 1
137 262 1
137 266 1
137 267 1
137 274 1
137 278 1
137 288 1
137 299 1
137 331 1
137 332 1
137 333 1
137 340 1
138 144 1
138 178 1
138 194 1
138 196 1
138 200 1
138 212 1
138 214 1
138 216 1
138 219 1
138 226 1
138 230 1
138 235 1
138 248 1
138 257 1
138 265 1
138 272 1
138 284 1
138 285 1
138 295 1
138 297 1
138 305 1
138 308 1
138 313 1
138 318 1
139 147 1
139 153 1
139 163 1
139 175 1
139 184 1
139 190 1
139 245 1
139 255 1
139 257 1
139 292 1
139 299 1
139 302 1
139 306 1
139 316 1
139 334 1
140 153 1
140 160 1
140 162 1
140 173 1
140 187 1
140 190 1
140 210 1
140 212 1
140 215 1
140 216 1
140 227 1
140 251 1
140 256 1
140 268 1
140 281 1
140 282 1
140 285 1
140 297 1
140 300 1
140 307 1
140 308 1
140 323 1
140 339 1
141 148 1
141 152 1
141 158 1
141 159 1
141 175 1
141 191 1
141 198 1
141 200 1
141 217 1
141 257 1
141 263 1
141 266 1
141 270 1
141 276 1
141 283 1
141 285 1
141 288 1
141 297 1
141 315 1
141 321 1
141 328 1
141 339 1
141 349 1
142 153 1
142 199 1
142 210 1
142 213 1
142 221 1
142 235 1
142 244 1
142 248 1
142 254 1
142 261 1
142 271 1
142 283 1
142 297 1
142 306 1
142 312 1
142 332 1
142 341 1
142 350 1
143 148 1
143 158 1
143 160 1
143 163 1
143 170 1
143 171 1
143 182 1
143 186 1
143 190 1
143 214 1
143 227 1
143 238 1
143 243 1
143 248 1
143 257 1
143 286 1
143 309 1
143 313 1
143 315 1
143 316 1
143 329 1
143 342 1
144 146 1
144 148 1
144 168 1
144 172 1
144 177 1
144 186 1
144 188 1
144 203 1
144 217 1
144 219 1
144 224 1
144 228 1
144 236 1
144 243 1
144 246 1
144 251 1
144 266 1
144 278 1
144 283 1
144 293 1
144 294 1
144 297 1
144 304 1
144 306 1
144 311 1
144 314 1
144 318 1
145 159 1
145 173 1
145 188 1
145 190 1
145 200 1
145 202 1
145 206 1
145 220 1
145 223 1
145 233 1
145 236 1
145 249 1
145 255 1
145 266 1
145 276 1
145 278 1
145 320 1
145 325 1
145 340 1
146 152 1
146 165 1
146 186 1
146 194 1
146 199 1
146 203 1
146 212 1
146 215 1
146 226 1
146 230 1
146 234 1
146 242 1
146 255 1
146 267 1
146 269 1
146 284 1
146 310 1
146 313 1
146 316 1
146 318 1
146 319 1
146 338 1
146 347 1
147 159 1
147 162 1
147 165 1
147 168 1
147 202 1
147 215 1
147 221 1
147 226 1
147 234 1
147 237 1
147 242 1
147 244 1
147 248 1
147 250 1
147 251 1
147 260 1
147 273 1
147 279 1
147 280 1
147 313 1
147 344 1
147 348 1
148 159 1
148 164 1
148 201 1
148 215 1
148 232 1
148 239 1
148 266 1
148 267 1
148 275 1
148 278 1
148 285 1
148 290 1
148 294 1
148 301 1
148 302 1
148 303 1
148 307 1
148 319 1
148 324 1
148 330 1
148 331 1
149 154 1
149 160 1
149 165 1
149 173 1
149 174 1
149 176 1
149 177 1
149 222 1
149 224 1
149 227 1
149 231 1
149 247 1
149 248 1
149 268 1
149 275 1
149 276 1
149 277 1
149 288 1
149 300 1
149 303 1
149 308 1
149 312 1
149 316 1
149 339 1
149 341 1
150 153 1
150 177 1
150 181 1
150 188 1
150 193 1
150 194 1
150 208 1
150 213 1
150 222 1
150 230 1
150 231 1
150 257 1
150 269 1
150 274 1
150 293 1
150 294 1
150 295 1
150 297 1
150 299 1
150 320 1
151 159 1
151 169 1
151 175 1
151 181 1
151 184 1
151 186 1
151 193 1
151 199 1
151 200 1
151 210 1
151 217 1
151 218 1
151 220 1
151 227 1
151 249 1
151 281 1
151 282 1
151 293 1
151 306 1
151 313 1
151 331 1
151 335 1
151 339 1
151 348 1
151 349 1
152 167 1
152 174 1
152 176 1
152 178 1
152 180 1
152 184 1
152 197 1
152 198 1
152 234 1
152 245 1
152 248 1
152 254 1
152 285 1
152 292 1
152 307 1
152 311 1
152 321 1
152 331 1
152 336 1
152 341 1
153 155 1
153 158 1
153 164 1
153 171 1
153 178 1
153 195 1
153 237 1
153 239 1
153 242 1
153 246 1
153 282 1
153 284 1
153 289 1
153 307 1
153 313 1
153 319 1
153 328 1
153 341 1
153 345 1
153 349 1
154 156 1
154 157 1
154 182 1
154 194 1
154 196 1
154 198 1
154 214 1
154 222 1
154 226 1
154 228 1
154 231 1
154 233 1
154 234 1
154 237 1
154 244 1
154 257 1
154 302 1
154 325 1
155 167 1
155 180 1
155 188 1
155 199 1
155 200 1
155 201 1
155 210 1
155 225 1
155 226 1
155 237 1
155 252 1
155 267 1
155 285 1
155 305 1
155 314 1
155 320 1
155 348 1
156 161 1
156 171 1
156 178 1
156 186 1
156 187 1
156 197 1
156 205 1
156 208 1
156 212 1
156 226 1
156 249 1
156 253 1
156 261 1
156 283 1
156 284 1
156 294 1
156 295 1
156 321 1
156 334 1
156 338 1
156 342 1
157 182 1
157 185 1
157 211 1
157 213 1
157 215 1
157 218 1
157 225 1
157 230 1
157 233 1
157 245 1
157 248 1
157 260 1
157 265 1
157 272 1
157 290 1
157 306 1
157 313 1
157 321 1
157 331 1
158 173 1
158 175 1
158 184 1
158 208 1
158 210 1
158 211 1
158 217 1
158 218 1
158 220 1
158 223 1
158 225 1
158 230 1
158 233 1
158 244 1
158 245 1
158 254 1
158 295 1
158 309 1
158 313 1
158 322 1
158 331 1
158 337 1
158 342 1
159 161 1
159 164 1
159 166 1
159 175 1
159 181 1
159 186 1
159 208 1
159 209 1
159 213 1
159 250 1
159 271 1
159 279 1
159 280 1
159 287 1
159 296 1
159 299 1
159 313 1
159 314 1
159 332 1
159 335 1
159 345 1
160 161 1
160 162 1
160 174 1
160 188 1
160 195 1
160 211 1
160 216 1
160 222 1
160 227 1
160 235 1
160 258 1
160 275 1
160 286 1
160 287 1
160 342 1
161 168 1
161 226 1
161 231 1
161 233 1
161 239 1
161 271 1
161 276 1
161 287 1
161 289 1
161 299 1
161 316 1
161 317 1
161 322 1
161 329 1
161 334 1
161 337 1
161 345 1
162 164 1
162 165 1
162 170 1
162 193 1
162 201 1
162 209 1
162 210 1
162 239 1
162 257 1
162 263 1
162 277 1
162 289 1
162 294 1
162 300 1
162 309 1
162 324 1
162 330 1
162 349 1
163 177 1
163 180 1
163 181 1
163 185 1
163 189 1
163 190 1
163 206 1
163 237 1
163 245 1
163 252 1
163 253 1
163 261 1
163 278 1
163 288 1
163 300 1
163 316 1
163 321 1
163 324 1
163 334 1
163 337 1
163 347 1
164 165 1
164 192 1
164 211 1
164 214 1
164 220 1
164 221 1
164 249 1
164 254 1
164 255 1
164 267 1
164 276 1
164 281 1
164 286 1
164 293 1
164 295 1
164 297 1
164 346 1
164 347 1
165 172 1
165 189 1
165 193 1
165 195 1
165 197 1
165 205 1
165 209 1
165 254 1
165 261 1
165 266 1
165 277 1
165 284 1
165 289 1
165 303 1
165 304 1
165 307 1
165 309 1
165 310 1
165 333 1
165 341 1
165 343 1
165 349 1
166 171 1
166 194 1
166 203 1
166 205 1
166 236 1
166 255 1
166 267 1
166 276 1
166 280 1
166 285 1
166 310 1
166 321 1
166 322 1
166 344 1
167 169 1
167 189 1
167 192 1
167 196 1
167 197 1
167 199 1
167 220 1
167 224 1
167 228 1
167 236 1
167 256 1
167 267 1
167 292 1
167 306 1
167 313 1
167 327 1
167 343 1
167 344 1
167 345 1
167 350 1
168 172 1
168 174 1
168 193 1
168 202 1
168 204 1
168 205 1
168 221 1
168 234 1
168 243 1
168 269 1
168 271 1
168 283 1
168 314 1
168 322 1
168 330 1
169 192 1
169 203 1
169 206 1
169 231 1
169 235 1
169 236 1
169 237 1
169 240 1
169 242 1
169 284 1
169 289 1
169 299 1
169 307 1
169 322 1
169 328 1
169 331 1
169 336 1
169 341 1
169 350 1
170 180 1
170 185 1
170 188 1
170 189 1
170 192 1
170 196 1
170 198 1
170 204 1
170 222 1
170 245 1
170 251 1
170 260 1
170 261 1
170 263 1
170 278 1
170 296 1
170 310 1
170 331 1
170 349 1
170 350 1
171 175 1
171 192 1
171 194 1
171 200 1
171 202 1
171 210 1
171 218 1
171 274 1
171 276 1
171 283 1
171 289 1
171 292 1
171 294 1
171 295 1
171 304 1
171 314 1
171 331 1
172 175 1
172 177 1
172 184 1
172 192 1
172 197 1
172 203 1
172 211 1
172 220 1
172 231 1
172 234 1
172 236 1
172 239 1
172 249 1
172 253 1
172 256 1
172 264 1
172 284 1
172 295 1
172 303 1
172 305 1
172 324 1
173 185 1
173 186 1
173 193 1
173 200 1
173 203 1
173 206 1
173 208 1
173 215 1
173 270 1
173 274 1
173 295 1
173 324 1
173 328 1
174 185 1
174 188 1
174 190 1
174 197 1
174 199 1
174 201 1
174 207 1
174 210 1
174 214 1
174 226 1
174 229 1
174 286 1
174 290 1
174 298 1
174 302 1
174 303 1
174 308 1
174 313 1
174 319 1
174 322 1
174 330 1
174 331 1
174 334 1
174 342 1
175 182 1
175 196 1
175 208 1
175 218 1
175 233 1
175 236 1
175 249 1
175 265 1
175 266 1
175 273 1
175 282 1
175 286 1
175 289 1
175 303 1
175 309 1
175 316 1
175 323 1
175 342 1
176 182 1
176 194 1
176 223 1
176 230 1
176 232 1
176 237 1
176 244 1
176 245 1
176 255 1
176 256 1
176 260 1
176 276 1
176 278 1
176 284 1
176 290 1
176 308 1
176 342 1
177 183 1
177 186 1
177 189 1
177 219 1
177 220 1
177 229 1
177 240 1
177 247 1
177 276 1
177 280 1
177 281 1
177 295 1
177 316 1
177 323 1
177 324 1
177 330 1
177 333 1
177 336 1
177 339 1
177 341 1
177 343 1
177 348 1
178 180 1
178 198 1
178 208 1
178 211 1
178 215 1
178 222 1
178 231 1
178 249 1
178 250 1
178 251 1
178 258 1
178 277 1
178 279 1
178 290 1
178 292 1
178 306 1
178 316 1
178 320 1
178 338 1
179 180 1
179 182 1
179 186 1
179 192 1
179 193 1
179 202 1
179 228 1
179 232 1
179 233 1
179 234 1
179 250 1
179 254 1
179 265 1
179 296 1
179 312 1
179 319 1
179 344 1
179 347 1
180 204 1
180 205 1
180 214 1
180 226 1
180 228 1
180 230 1
180 237 1
180 243 1
180 245 1
180 249 1
180 258 1
180 265 1
180 272 1
180 297 1
180 301 1
180 304 1
180 319 1
180 332 1
181 188 1
181 209 1
181 210 1
181 229 1
181 234 1
181 241 1
181 246 1
181 247 1
181 252 1
181 284 1
181 293 1
181 300 1
181 302 1
181 313 1
181 314 1
181 334 1
181 342 1
181 345 1
182 188 1
182 195 1
182 197 1
182 202 1
182 220 1
182 231 1
182 244 1
182 258 1
182 283 1
182 290 1
182 292 1
182 311 1
182 315 1
182 326 1
182 348 1
183 189 1
183 202 1
183 203 1
183 216 1
183 224 1
183 233 1
183 238 1
183 243 1
183 244 1
183 245 1
183 251 1
183 253 1
183 256 1
183 258 1
183 271 1
183 277 1
183 288 1
183 323 1
183 335 1
184 232 1
184 243 1
184 255 1
184 256 1
184 257 1
184 264 1
184 272 1
184 295 1
184 296 1
184 308 1
184 312 1
184 313 1
184 323 1
184 331 1
185 192 1
185 195 1
185 202 1
185 213 1
185 239 1
185 249 1
185 255 1
185 261 1
185 267 1
185 272 1
185 280 1
185 299 1
185 303 1
185 309 1
185 313 1
185 315 1
185 316 1
185 327 1
185 329 1
185 331 1
185 334 1
185 337 1
185 345 1
185 348 1
185 350 1
186 193 1
186 226 1
186 252 1
186 257 1
186 267 1
186 288 1
186 295 1
186 319 1
186 328 1
186 332 1
186 337 1
186 342 1
186 344 1
186 345 1
186 346 1
187 194 1
187 195 1
187 199 1
187 207 1
187 210 1
187 221 1
187 229 1
187 241 1
187 242 1
187 248 1
187 253 1
187 265 1
187 274 1
187 287 1
187 298 1
187 307 1
187 341 1
188 220 1
188 223 1
188 224 1
188 234 1
188 269 1
188 272 1
188 304 1
188 317 1
188 319 1
188 349 1
189 197 1
189 210 1
189 236 1
189 238 1
189 254 1
189 283 1
189 293 1
189 294 1
189 299 1
189 300 1
189 302 1
189 304 1
189 325 1
189 337 1
189 348 1
190 204 1
190 205 1
190 211 1
190 212 1
190 222 1
190 224 1
190 231 1
190 236 1
190 241 1
190 266 1
190 288 1
190 292 1
190 293 1
190 298 1
190 308 1
190 324 1
190 328 1
190 331 1
190 337 1
190 343 1
190 345 1
190 346 1
190 348 1
191 230 1
191 247 1
191 262 1
191 271 1
191 285 1
191 289 1
191 295 1
191 304 1
191 312 1
191 329 1
192 195 1
192 218 1
192 221 1
192 222 1
192 245 1
192 258 1
192 259 1
192 284 1
192 302 1
192 306 1
192 312 1
192 318 1
192 320 1
192 323 1
192 337 1
192 340 1
192 344 1
192 347 1
192 348 1
193 200 1
193 201 1
193 203 1
193 206 1
193 209 1
193 223 1
193 237 1
193 239 1
193 252 1
193 260 1
193 262 1
193 283 1
193 289 1
193 313 1
193 324 1
193 338 1
193 347 1
194 211 1
194 213 1
194 219 1
194 238 1
194 242 1
194 270 1
194 282 1
194 291 1
194 305 1
194 322 1
194 323 1
194 326 1
194 331 1
194 332 1
194 336 1
194 337 1
195 207 1
195 225 1
195 245 1
195 257 1
195 258 1
195 277 1
195 288 1
195 295 1
195 301 1
195 309 1
195 323 1
195 329 1
195 330 1
195 331 1
195 339 1
195 341 1
196 197 1
196 217 1
196 246 1
196 260 1
196 265 1
196 275 1
196 284 1
196 286 1
196 287 1
196 297 1
196 299 1
196 305 1
196 313 1
196 316 1
196 336 1
196 337 1
196 339 1
197 248 1
197 249 1
197 265 1
197 297 1
197 303 1
197 328 1
197 331 1
197 346 1
197 348 1
197 350 1
198 206 1
198 207 1
198 213 1
198 217 1
198 222 1
198 227 1
198 237 1
198 246 1
198 250 1
198 259 1
198 263 1
198 275 1
198 283 1
198 288 1
198 339 1
198 345 1
199 202 1
199 227 1
199 247 1
199 250 1
199 256 1
199 259 1
199 275 1
199 281 1
199 286 1
199 298 1
199 303 1
199 326 1
199 332 1
199 335 1
199 348 1
200 216 1
200 232 1
200 238 1
200 240 1
200 264 1
200 286 1
200 294 1
200 305 1
200 312 1
200 335 1
200 341 1
201 211 1
201 217 1
201 218 1
201 228 1
201 229 1
201 230 1
201 246 1
201 250 1
201 258 1
201 264 1
201 271 1
201 276 1
201 288 1
201 289 1
201 295 1
201 300 1
201 310 1
201 316 1
201 341 1
201 343 1
202 209 1
202 210 1
202 257 1
202 273 1
202 290 1
202 292 1
202 296 1
202 298 1
202 302 1
202 308 1
202 312 1
202 325 1
202 331 1
202 345 1
202 348 1
203 211 1
203 212 1
203 235 1
203 255 1
203 257 1
203 278 1
203 286 1
203 303 1
203 309 1
203 339 1
204 219 1
204 233 1
204 251 1
204 268 1
204 273 1
204 284 1
204 292 1
204 293 1
204 295 1
204 317 1
204 334 1
204 338 1
205 210 1
205 218 1
205 226 1
205 228 1
205 236 1
205 275 1
205 287 1
205 292 1
205 298 1
205 300 1
205 310 1
205 311 1
205 325 1
205 337 1
205 346 1
206 243 1
206 251 1
206 260 1
206 264 1
206 267 1
206 273 1
206 286 1
206 287 1
206 289 1
206 339 1
206 350 1
207 208 1
207 220 1
207 228 1
207 239 1
207 252 1
207 254 1
207 266 1
207 268 1
207 281 1
207 309 1
207 317 1
207 323 1
207 336 1
207 337 1
207 338 1
208 212 1
208 222 1
208 223 1
208 237 1
208 245 1
208 255 1
208 281 1
208 283 1
208 288 1
208 289 1
208 291 1
208 319 1
208 327 1
208 342 1
208 345 1
209 221 1
209 240 1
209 254 1
209 259 1
209 266 1
209 267 1
209 270 1
209 278 1
209 280 1
209 293 1
209 304 1
209 312 1
209 314 1
209 316 1
209 317 1
209 319 1
209 333 1
209 339 1
209 344 1
210 214 1
210 257 1
210 261 1
210 271 1
210 273 1
210 276 1
210 277 1
210 284 1
210 289 1
210 298 1
210 300 1
210 304 1
210 324 1
210 331 1
210 333 1
210 342 1
210 348 1
211 212 1
211 213 1
211 218 1
211 230 1
211 246 1
211 253 1
211 266 1
211 283 1
211 296 1
211 307 1
211 312 1
211 315 1
211 333 1
211 339 1
211 340 1
211 346 1
212 220 1
212 221 1
212 222 1
212 233 1
212 247 1
212 251 1
212 272 1
212 299 1
212 303 1
212 312 1
212 325 1
213 215 1
213 228 1
213 234 1
213 246 1
213 249 1
213 261 1
213 266 1
213 281 1
213 282 1
213 302 1
213 309 1
213 318 1
213 325 1
213 327 1
213 344 1
213 348 1
213 350 1
214 216 1
214 221 1
214 222 1
214 223 1
214 238 1
214 246 1
214 247 1
214 249 1
214 258 1
214 264 1
214 276 1
214 279 1
214 283 1
214 284 1
214 286 1
214 304 1
214 309 1
214 315 1
214 327 1
214 349 1
215 227 1
215 234 1
215 238 1
215 239 1
215 242 1
215 250 1
215 272 1
215 284 1
215 297 1
215 299 1
215 315 1
215 316 1
215 327 1
215 335 1
215 338 1
216 235 1
216 273 1
216 293 1
216 306 1
216 341 1
217 244 1
217 251 1
217 268 1
217 275 1
217 283 1
217 286 1
217 298 1
217 308 1
217 309 1
217 316 1
217 326 1
217 331 1
217 334 1
218 220 1
218 224 1
218 232 1
218 253 1
218 256 1
218 257 1
218 263 1
218 270 1
218 274 1
218 278 1
218 295 1
218 308 1
218 315 1
218 321 1
218 329 1
219 223 1
219 230 1
219 236 1
219 240 1
219 272 1
219 274 1
219 294 1
219 305 1
219 317 1
219 320 1
219 322 1
220 226 1
220 229 1
220 230 1
220 232 1
220 233 1
220 239 1
220 244 1
220 247 1
220 248 1
220 266 1
220 272 1
220 278 1
220 282 1
220 291 1
220 303 1
220 315 1
220 319 1
220 337 1
220 338 1
220 342 1
220 347 1
221 235 1
221 239 1
221 258 1
221 262 1
221 267 1
221 275 1
221 305 1
221 312 1
221 314 1
221 321 1
221 327 1
221 344 1
221 345 1
222 232 1
222 234 1
222 249 1
222 259 1
222 291 1
222 295 1
222 301 1
222 305 1
222 307 1
222 313 1
222 330 1
222 336 1
222 339 1
222 340 1
223 258 1
223 265 1
223 275 1
223 280 1
223 296 1
223 299 1
223 300 1
223 314 1
223 333 1
223 334 1
224 244 1
224 252 1
224 264 1
224 267 1
224 299 1
224 321 1
224 327 1
224 328 1
224 332 1
224 333 1
224 337 1
225 235 1
225 243 1
225 246 1
225 267 1
225 274 1
225 280 1
225 283 1
225 284 1
225 296 1
225 303 1
225 317 1
225 330 1
225 336 1
225 340 1
225 341 1
226 233 1
226 234 1
226 240 1
226 259 1
226 285 1
226 286 1
226 310 1
226 317 1
226 321 1
226 328 1
226 332 1
226 343 1
227 239 1
227 241 1
227 266 1
227 271 1
227 279 1
227 297 1
227 299 1
227 311 1
227 312 1
227 322 1
227 334 1
227 344 1
227 345 1
228 229 1
228 264 1
228 274 1
228 276 1
228 277 1
228 279 1
228 304 1
228 321 1
228 324 1
228 340 1
229 232 1
229 237 1
229 266 1
229 271 1
229 281 1
229 283 1
229 289 1
229 293 1
229 294 1
229 295 1
229 310 1
229 312 1
229 320 1
229 321 1
229 331 1
229 335 1
229 348 1
230 233 1
230 243 1
230 247 1
230 248 1
230 254 1
230 257 1
230 259 1
230 265 1
230 272 1
230 285 1
230 300 1
230 301 1
230 303 1
230 307 1
230 314 1
230 345 1
230 349 1
231 249 1
231 259 1
231 272 1
231 285 1
231 286 1
231 304 1
231 308 1
231 313 1
231 316 1
231 320 1
231 321 1
231 322 1
231 330 1
231 334 1
231 339 1
231 350 1
232 241 1
232 249 1
232 267 1
232 276 1
232 295 1
232 302 1
232 309 1
232 315 1
232 316 1
232 318 1
232 327 1
232 333 1
232 334 1
232 336 1
232 346 1
233 247 1
233 250 1
233 253 1
233 257 1
233 288 1
233 292 1
233 294 1
233 297 1
233 312 1
233 315 1
233 324 1
233 325 1
234 235 1
234 250 1
234 251 1
234 267 1
234 273 1
234 304 1
234 326 1
234 346 1
234 349 1
235 278 1
235 279 1
235 280 1
235 290 1
235 294 1
235 297 1
235 302 1
235 303 1
235 310 1
235 327 1
235 335 1
235 344 1
235 349 1
236 248 1
236 257 1
236 258 1
236 262 1
236 301 1
236 310 1
236 324 1
236 330 1
236 331 1
236 332 1
236 334 1
237 239 1
237 260 1
237 271 1
237 276 1
237 297 1
237 300 1
237 322 1
237 326 1
237 342 1
238 251 1
238 263 1
238 269 1
238 303 1
238 331 1
238 332 1
238 341 1
238 347 1
239 262 1
239 273 1
239 276 1
239 280 1
239 282 1
239 302 1
239 304 1
239 307 1
239 308 1
239 316 1
239 339 1
239 344 1
240 248 1
240 249 1
240 273 1
240 288 1
240 306 1
240 321 1
240 322 1
240 324 1
241 249 1
241 259 1
241 266 1
241 270 1
241 279 1
241 286 1
241 290 1
241 328 1
241 342 1
242 252 1
242 257 1
242 259 1
242 295 1
242 302 1
242 309 1
242 320 1
242 330 1
242 332 1
243 247 1
243 251 1
243 259 1
243 263 1
243 264 1
243 285 1
243 294 1
243 300 1
243 304 1
243 323 1
243 324 1
243 325 1
243 330 1
244 258 1
244 284 1
244 288 1
244 305 1
244 306 1
244 310 1
244 316 1
244 335 1
244 337 1
244 341 1
244 345 1
245 258 1
245 268 1
245 285 1
245 309 1
245 317 1
245 328 1
245 330 1
246 248 1
246 250 1
246 275 1
246 292 1
246 300 1
246 301 1
246 306 1
246 335 1
246 348 1
247 252 1
247 276 1
247 279 1
247 301 1
247 303 1
247 314 1
247 319 1
247 321 1
247 323 1
247 341 1
247 347 1
248 254 1
248 258 1
248 262 1
248 263 1
248 266 1
248 278 1
248 294 1
248 299 1
248 341 1
248 344 1
248 347 1
249 252 1
249 278 1
249 291 1
249 303 1
249 324 1
249 344 1
250 272 1
250 316 1
250 323 1
250 338 1
251 265 1
251 268 1
251 278 1
251 284 1
251 286 1
251 292 1
251 297 1
251 303 1
251 308 1
251 310 1
251 319 1
252 264 1
252 269 1
252 306 1
252 309 1
252 318 1
252 319 1
252 328 1
252 344 1
253 255 1
253 257 1
253 283 1
253 293 1
253 312 1
253 313 1
253 334 1
253 342 1
254 270 1
254 275 1
254 298 1
254 310 1
254 318 1
254 324 1
254 334 1
255 260 1
255 262 1
255 275 1
255 279 1
255 282 1
255 304 1
255 330 1
255 336 1
255 343 1
256 264 1
256 282 1
256 287 1
256 294 1
256 295 1
256 322 1
256 330 1
256 346 1
257 263 1
257 289 1
257 290 1
257 299 1
257 320 1
257 337 1
257 345 1
258 262 1
258 263 1
258 271 1
258 286 1
258 289 1
258 304 1
258 308 1
258 313 1
258 316 1
259 262 1
259 275 1
259 288 1
259 290 1
259 299 1
259 302 1
259 305 1
259 306 1
259 324 1
259 327 1
259 343 1
259 347 1
260 277 1
260 287 1
260 301 1
260 309 1
260 344 1
260 345 1
261 276 1
261 280 1
261 282 1
261 284 1
261 291 1
261 301 1
261 305 1
261 308 1
261 319 1
261 347 1
262 263 1
262 276 1
262 281 1
262 297 1
262 298 1
262 312 1
262 320 1
262 343 1
262 347 1
262 349 1
263 272 1
263 281 1
263 284 1
263 291 1
263 304 1
263 307 1
263 308 1
263 314 1
263 318 1
263 322 1
263 327 1
263 341 1
264 266 1
264 278 1
264 286 1
264 288 1
264 301 1
264 302 1
264 307 1
264 310 1
264 318 1
264 330 1
264 335 1
264 340 1
264 349 1
265 274 1
265 289 1
265 301 1
265 302 1
266 323 1
266 345 1
267 272 1
267 283 1
267 293 1
267 313 1
267 324 1
267 347 1
268 272 1
268 280 1
268 300 1
268 307 1
268 308 1
268 310 1
268 318 1
268 335 1
268 337 1
268 347 1
269 271 1
269 272 1
269 286 1
269 302 1
269 309 1
269 324 1
269 326 1
269 335 1
269 344 1
269 348 1
270 291 1
270 293 1
270 295 1
270 340 1
270 346 1
270 350 1
271 277 1
271 320 1
271 324 1
271 339 1
272 273 1
272 281 1
272 283 1
272 285 1
272 297 1
272 304 1
272 342 1
273 274 1
273 275 1
273 286 1
273 297 1
273 307 1
273 318 1
273 323 1
273 324 1
273 334 1
273 337 1
273 349 1
274 276 1
274 279 1
274 282 1
274 289 1
274 293 1
274 315 1
274 337 1
275 276 1
275 284 1
275 292 1
275 294 1
275 297 1
275 304 1
275 307 1
275 309 1
275 310 1
275 321 1
275 322 1
275 326 1
275 346 1
276 283 1
276 293 1
276 302 1
276 310 1
276 334 1
276 338 1
277 278 1
277 315 1
277 341 1
277 343 1
277 346 1
278 289 1
278 290 1
278 292 1
278 309 1
278 317 1
278 337 1
278 347 1
279 280 1
279 281 1
279 297 1
279 314 1
279 320 1
279 347 1
280 314 1
280 321 1
280 337 1
280 343 1
281 284 1
281 287 1
281 297 1
281 300 1
281 311 1
281 316 1
281 324 1
281 326 1
281 330 1
281 336 1
282 297 1
282 304 1
282 313 1
282 323 1
282 350 1
283 291 1
283 297 1
283 311 1
283 322 1
283 336 1
283 342 1
283 345 1
284 308 1
284 314 1
284 321 1
284 323 1
284 330 1
284 336 1
285 287 1
285 298 1
285 300 1
285 305 1
285 311 1
285 327 1
285 332 1
285 333 1
285 341 1
286 288 1
286 296 1
286 298 1
286 309 1
286 314 1
286 326 1
286 334 1
287 303 1
287 309 1
287 335 1
287 343 1
287 347 1
288 290 1
288 294 1
288 299 1
288 324 1
288 326 1
288 329 1
288 334 1
288 350 1
289 292 1
289 300 1
289 302 1
289 303 1
289 313 1
289 314 1
289 316 1
289 318 1
289 339 1
290 298 1
290 301 1
290 311 1
290 314 1
290 317 1
290 320 1
290 331 1
290 333 1
290 345 1
291 341 1
291 344 1
292 319 1
293 311 1
293 313 1
293 315 1
293 318 1
293 323 1
293 326 1
293 335 1
293 340 1
293 349 1
294 296 1
294 297 1
294 314 1
294 318 1
294 332 1
294 341 1
295 308 1
295 310 1
295 322 1
295 324 1
295 333 1
295 338 1
295 343 1
295 347 1
296 297 1
296 307 1
296 319 1
296 327 1
296 334 1
296 339 1
296 350 1
297 305 1
297 316 1
297 326 1
297 342 1
298 323 1
298 325 1
299 302 1
299 322 1
299 333 1
299 345 1
300 307 1
300 333 1
300 345 1
300 347 1
302 316 1
302 317 1
302 320 1
302 333 1
303 305 1
303 321 1
303 323 1
303 348 1
303 350 1
304 319 1
304 336 1
305 313 1
305 316 1
305 319 1
305 328 1
305 345 1
305 346 1
306 318 1
306 330 1
306 339 1
306 347 1
307 308 1
307 329 1
307 343 1
307 345 1
308 314 1
308 320 1
308 331 1
308 336 1
308 338 1
308 345 1
308 350 1
309 326 1
309 335 1
309 344 1
310 313 1
310 319 1
310 325 1
310 329 1
310 339 1
310 341 1
310 349 1
310 350 1
311 315 1
311 337 1
311 346 1
312 337 1
312 344 1
312 346 1
313 318 1
313 320 1
313 336 1
313 337 1
313 343 1
313 344 1
314 332 1
314 336 1
314 337 1
314 339 1
314 349 1
315 316 1
315 330 1
315 335 1
315 337 1
316 323 1
316 326 1
316 345 1
316 347 1
317 319 1
317 337 1
318 337 1
318 345 1
319 336 1
320 332 1
320 348 1
321 329 1
321 339 1
322 325 1
322 334 1
322 347 1
323 347 1
324 328 1
324 331 1
324 348 1
326 337 1
327 329 1
327 344 1
327 345 1
328 336 1
329 344 1
329 345 1
329 348 1
330 338 1
330 342 1
331 345 1
331 348 1
331 349 1
332 342 1
333 335 1
333 344 1
334 339 1
334 345 1
334 348 1
335 336 1
335 343 1
335 345 1
336 343 1
336 350 1
337 350 1
338 344 1
339 347 1
342 346 1
343 345 1
343 346 1
343 348 1
345 346 1
348 349 1
