200 10026
1 2 1
1 5 1
1 6 1
1 7 1
1 8 1
1 15 1
1 16 1
1 17 1
1 19 1
1 20 1
1 21 1
1 26 1
1 28 1
1 31 1
1 32 1
1 33 1
1 36 1
1 37 1
1 38 1
1 40 1
1 41 1
1 45 1
1 47 1
1 48 1
1 51 1
1 52 1
1 54 1
1 56 1
1 67 1
1 71 1
1 72 1
1 75 1
1 78 1
1 85 1
1 86 1
1 87 1
1 90 1
1 91 1
1 94 1
1 97 1
1 99 1
1 101 1
1 102 1
1 104 1
1 105 1
1 106 1
1 108 1
1 109 1
1 115 1
1 116 1
1 117 1
1 118 1
1 120 1
1 126 1
1 127 1
1 129 1
1 133 1
1 134 1
1 135 1
1 138 1
1 141 1
1 142 1
1 145 1
1 146 1
1 147 1
1 150 1
1 153 1
1 154 1
1 157 1
1 158 1
1 159 1
1 161 1
1 164 1
1 165 1
1 166 1
1 167 1
1 168 1
1 170 1
1 174 1
1 176 1
1 179 1
1 182 1
1 183 1
1 185 1
1 186 1
1 187 1
1 188 1
1 189 1
1 191 1
1 193 1
1 194 1
1 195 1
1 199 1
2 3 1
2 7 1
2 8 1
2 9 1
2 10 1
2 15 1
2 17 1
2 21 1
2 22 1
2 24 1
2 25 1
2 26 1
2 28 1
2 31 1
2 32 1
2 33 1
2 34 1
2 38 1
2 40 1
2 42 1
2 43 1
2 50 1
2 51 1
2 52 1
2 53 1
2 54 1
2 55 1
2 56 1
2 57 1
2 58 1
2 59 1
2 60 1
2 61 1
2 62 1
2 65 1
2 67 1
2 68 1
2 69 1
2 70 1
2 71 1
2 72 1
2 73 1
2 75 1
2 76 1
2 80 1
2 82 1
2 86 1
2 87 1
2 88 1
2 89 1
2 91 1
2 93 1
2 94 1
2 95 1
2 96 1
2 98 1
2 99 1
2 100 1
2 102 1
2 106 1
2 109 1
2 110 1
2 111 1
2 112 1
2 113 1
2 114 1
2 115 1
2 116 1
2 119 1
2 122 1
2 126 1
2 127 1
2 132 1
2 133 1
2 134 1
2 135 1
2 137 1
2 138 1
2 142 1
2 143 1
2 144 1
2 146 1
2 148 1
2 150 1
2 152 1
2 153 1
2 155 1
2 156 1
2 165 1
2 166 1
2 169 1
2 171 1
2 173 1
2 174 1
2 176 1
2 177 1
2 178 1
2 179 1
2 181 1
2 184 1
2 185 1
2 186 1
2 189 1
2 191 1
2 193 1
2 194 1
2 198 1
2 199 1
2 200 1
3 4 1
3 7 1
3 8 1
3 12 1
3 13 1
3 14 1
3 16 1
3 18 1
3 19 1
3 20 1
3 21 1
3 22 1
3 24 1
3 25 1
3 29 1
3 30 1
3 31 1
3 32 1
3 34 1
3 35 1
3 36 1
3 37 1
3 39 1
3 42 1
3 44 1
3 46 1
3 47 1
3 50 1
3 51 1
3 52 1
3 53 1
3 54 1
3 56 1
3 57 1
3 58 1
3 59 1
3 60 1
3 61 1
3 62 1
3 63 1
3 64 1
3 66 1
3 67 1
3 71 1
3 73 1
3 74 1
3 76 1
3 77 1
3 78 1
3 81 1
3 84 1
3 85 1
3 86 1
3 87 1
3 89 1
3 90 1
3 91 1
3 93 1
3 95 1
3 96 1
3 97 1
3 99 1
3 100 1
3 101 1
3 102 1
3 103 1
3 104 1
3 105 1
3 107 1
3 108 1
3 109 1
3 111 1
3 112 1
3 114 1
3 115 1
3 116 1
3 117 1
3 118 1
3 123 1
3 126 1
3 127 1
3 128 1
3 131 1
3 133 1
3 134 1
3 135 1
3 137 1
3 138 1
3 140 1
3 142 1
3 143 1
3 147 1
3 150 1
3 151 1
3 153 1
3 157 1
3 160 1
3 162 1
3 163 1
3 165 1
3 170 1
3 171 1
3 174 1
3 175 1
3 184 1
3 185 1
3 187 1
3 188 1
3 192 1
3 193 1
3 196 1
3 198 1
3 200 1
4 6 1
4 7 1
4 15 1
4 19 1
4 21 1
4 26 1
4 27 1
4 28 1
4 29 1
4 30 1
4 31 1
4 33 1
4 37 1
4 38 1
4 41 1
4 42 1
4 43 1
4 44 1
4 49 1
4 50 1
4 52 1
4 53 1
4 55 1
4 56 1
4 62 1
4 64 1
4 65 1
4 67 1
4 68 1
4 69 1
4 72 1
4 73 1
4 74 1
4 76 1
4 77 1
4 79 1
4 80 1
4 81 1
4 85 1
4 87 1
4 88 1
4 89 1
4 90 1
4 93 1
4 94 1
4 95 1
4 96 1
4 97 1
4 100 1
4 101 1
4 104 1
4 107 1
4 109 1
4 110 1
4 112 1
4 113 1
4 114 1
4 116 1
4 118 1
4 120 1
4 122 1
4 125 1
4 127 1
4 129 1
4 131 1
4 137 1
4 138 1
4 140 1
4 146 1
4 148 1
4 149 1
4 153 1
4 154 1
4 155 1
4 156 1
4 158 1
4 160 1
4 161 1
4 163 1
4 164 1
4 165 1
4 168 1
4 170 1
4 172 1
4 173 1
4 176 1
4 178 1
4 180 1
4 184 1
4 185 1
4 188 1
4 190 1
4 193 1
4 194 1
4 195 1
4 196 1
4 197 1
5 8 1
5 11 1
5 12 1
5 13 1
5 20 1
5 21 1
5 23 1
5 25 1
5 26 1
5 28 1
5 29 1
5 31 1
5 38 1
5 40 1
5 41 1
5 50 1
5 52 1
5 57 1
5 58 1
5 60 1
5 61 1
5 63 1
5 64 1
5 68 1
5 69 1
5 70 1
5 71 1
5 72 1
5 74 1
5 76 1
5 77 1
5 79 1
5 80 1
5 82 1
5 85 1
5 86 1
5 88 1
5 89 1
5 90 1
5 94 1
5 97 1
5 99 1
5 100 1
5 101 1
5 102 1
5 103 1
5 105 1
5 106 1
5 110 1
5 111 1
5 113 1
5 114 1
5 115 1
5 118 1
5 119 1
5 120 1
5 121 1
5 127 1
5 130 1
5 131 1
5 132 1
5 133 1
5 134 1
5 137 1
5 144 1
5 146 1
5 149 1
5 150 1
5 155 1
5 157 1
5 159 1
5 162 1
5 163 1
5 164 1
5 165 1
5 167 1
5 169 1
5 171 1
5 175 1
5 177 1
5 178 1
5 179 1
5 181 1
5 185 1
5 186 1
5 187 1
5 190 1
5 194 1
5 195 1
5 197 1
5 198 1
5 199 1
6 12 1
6 14 1
6 15 1
6 16 1
6 17 1
6 18 1
6 19 1
6 23 1
6 24 1
6 27 1
6 30 1
6 31 1
6 33 1
6 34 1
6 35 1
6 36 1
6 39 1
6 40 1
6 43 1
6 45 1
6 51 1
6 56 1
6 58 1
6 59 1
6 65 1
6 69 1
6 72 1
6 74 1
6 75 1
6 76 1
6 77 1
6 78 1
6 79 1
6 80 1
6 81 1
6 83 1
6 84 1
6 88 1
6 91 1
6 96 1
6 97 1
6 98 1
6 99 1
6 102 1
6 103 1
6 108 1
6 110 1
6 112 1
6 115 1
6 117 1
6 118 1
6 120 1
6 122 1
6 123 1
6 125 1
6 127 1
6 128 1
6 132 1
6 136 1
6 137 1
6 138 1
6 139 1
6 140 1
6 143 1
6 147 1
6 149 1
6 150 1
6 151 1
6 153 1
6 154 1
6 158 1
6 169 1
6 170 1
6 171 1
6 172 1
6 174 1
6 175 1
6 180 1
6 181 1
6 183 1
6 185 1
6 189 1
6 192 1
6 193 1
6 197 1
6 198 1
7 10 1
7 14 1
7 15 1
7 18 1
7 22 1
7 24 1
7 26 1
7 28 1
7 30 1
7 32 1
7 33 1
7 34 1
7 35 1
7 36 1
7 42 1
7 43 1
7 44 1
7 46 1
7 49 1
7 50 1
7 54 1
7 55 1
7 56 1
7 57 1
7 58 1
7 61 1
7 69 1
7 70 1
7 71 1
7 72 1
7 73 1
7 74 1
7 75 1
7 76 1
7 77 1
7 82 1
7 83 1
7 86 1
7 88 1
7 90 1
7 92 1
7 94 1
7 95 1
7 96 1
7 97 1
7 99 1
7 101 1
7 103 1
7 106 1
7 107 1
7 108 1
7 109 1
7 114 1
7 119 1
7 121 1
7 122 1
7 123 1
7 130 1
7 131 1
7 132 1
7 134 1
7 137 1
7 138 1
7 140 1
7 142 1
7 143 1
7 144 1
7 145 1
7 150 1
7 151 1
7 152 1
7 154 1
7 155 1
7 157 1
7 158 1
7 161 1
7 162 1
7 163 1
7 164 1
7 165 1
7 166 1
7 168 1
7 169 1
7 170 1
7 172 1
7 174 1
7 175 1
7 176 1
7 178 1
7 179 1
7 181 1
7 183 1
7 185 1
7 186 1
7 189 1
7 190 1
7 191 1
7 195 1
7 196 1
8 15 1
8 18 1
8 22 1
8 27 1
8 28 1
8 29 1
8 34 1
8 36 1
8 38 1
8 41 1
8 42 1
8 44 1
8 45 1
8 46 1
8 47 1
8 48 1
8 49 1
8 51 1
8 53 1
8 56 1
8 57 1
8 60 1
8 61 1
8 62 1
8 63 1
8 65 1
8 66 1
8 70 1
8 71 1
8 75 1
8 76 1
8 77 1
8 79 1
8 80 1
8 81 1
8 82 1
8 83 1
8 84 1
8 85 1
8 87 1
8 95 1
8 96 1
8 97 1
8 98 1
8 100 1
8 101 1
8 104 1
8 105 1
8 107 1
8 108 1
8 110 1
8 111 1
8 112 1
8 114 1
8 116 1
8 118 1
8 119 1
8 121 1
8 122 1
8 123 1
8 124 1
8 128 1
8 130 1
8 131 1
8 134 1
8 136 1
8 137 1
8 138 1
8 144 1
8 145 1
8 146 1
8 147 1
8 149 1
8 150 1
8 151 1
8 156 1
8 157 1
8 158 1
8 160 1
8 162 1
8 164 1
8 168 1
8 169 1
8 170 1
8 171 1
8 172 1
8 175 1
8 176 1
8 179 1
8 180 1
8 181 1
8 186 1
8 187 1
8 189 1
8 190 1
8 193 1
8 194 1
8 200 1
9 10 1
9 12 1
9 15 1
9 17 1
9 18 1
9 22 1
9 25 1
9 26 1
9 27 1
9 31 1
9 34 1
9 37 1
9 40 1
9 42 1
9 44 1
9 45 1
9 47 1
9 49 1
9 51 1
9 54 1
9 58 1
9 59 1
9 60 1
9 62 1
9 63 1
9 65 1
9 67 1
9 68 1
9 69 1
9 71 1
9 72 1
9 74 1
9 76 1
9 77 1
9 78 1
9 79 1
9 81 1
9 84 1
9 87 1
9 89 1
9 91 1
9 93 1
9 94 1
9 96 1
9 100 1
9 104 1
9 105 1
9 111 1
9 112 1
9 113 1
9 114 1
9 116 1
9 117 1
9 119 1
9 120 1
9 123 1
9 125 1
9 128 1
9 131 1
9 132 1
9 135 1
9 138 1
9 139 1
9 143 1
9 144 1
9 147 1
9 148 1
9 150 1
9 151 1
9 158 1
9 161 1
9 162 1
9 163 1
9 165 1
9 166 1
9 170 1
9 171 1
9 172 1
9 173 1
9 174 1
9 175 1
9 176 1
9 177 1
9 178 1
9 180 1
9 183 1
9 185 1
9 186 1
9 187 1
9 188 1
9 190 1
9 192 1
9 194 1
9 195 1
9 197 1
10 14 1
10 16 1
10 17 1
10 20 1
10 21 1
10 23 1
10 25 1
10 26 1
10 33 1
10 35 1
10 36 1
10 38 1
10 41 1
10 42 1
10 43 1
10 45 1
10 46 1
10 47 1
10 54 1
10 55 1
10 57 1
10 59 1
10 60 1
10 62 1
10 63 1
10 64 1
10 65 1
10 71 1
10 74 1
10 75 1
10 76 1
10 77 1
10 79 1
10 80 1
10 82 1
10 83 1
10 85 1
10 86 1
10 87 1
10 89 1
10 92 1
10 95 1
10 97 1
10 98 1
10 99 1
10 101 1
10 105 1
10 108 1
10 111 1
10 113 1
10 116 1
10 117 1
10 118 1
10 119 1
10 121 1
10 122 1
10 125 1
10 126 1
10 127 1
10 128 1
10 130 1
10 131 1
10 135 1
10 138 1
10 145 1
10 146 1
10 149 1
10 150 1
10 151 1
10 153 1
10 157 1
10 159 1
10 161 1
10 164 1
10 165 1
10 168 1
10 172 1
10 175 1
10 177 1
10 178 1
10 183 1
10 184 1
10 185 1
10 189 1
10 192 1
10 193 1
10 194 1
10 197 1
10 198 1
10 199 1
10 200 1
11 12 1
11 13 1
11 18 1
11 20 1
11 25 1
11 27 1
11 29 1
11 30 1
11 32 1
11 33 1
11 34 1
11 41 1
11 43 1
11 45 1
11 48 1
11 49 1
11 50 1
11 51 1
11 52 1
11 53 1
11 54 1
11 66 1
11 67 1
11 70 1
11 71 1
11 72 1
11 74 1
11 77 1
11 78 1
11 79 1
11 81 1
11 82 1
11 86 1
11 87 1
11 88 1
11 89 1
11 94 1
11 97 1
11 99 1
11 103 1
11 108 1
11 109 1
11 110 1
11 112 1
11 114 1
11 115 1
11 116 1
11 119 1
11 121 1
11 123 1
11 125 1
11 126 1
11 128 1
11 129 1
11 132 1
11 134 1
11 135 1
11 137 1
11 138 1
11 139 1
11 142 1
11 143 1
11 150 1
11 151 1
11 153 1
11 154 1
11 155 1
11 156 1
11 159 1
11 161 1
11 162 1
11 163 1
11 171 1
11 172 1
11 175 1
11 177 1
11 178 1
11 179 1
11 182 1
11 183 1
11 184 1
11 185 1
11 188 1
11 192 1
11 193 1
11 195 1
12 13 1
12 19 1
12 22 1
12 23 1
12 24 1
12 26 1
12 27 1
12 29 1
12 32 1
12 33 1
12 34 1
12 35 1
12 36 1
12 37 1
12 38 1
12 42 1
12 46 1
12 49 1
12 52 1
12 54 1
12 55 1
12 56 1
12 57 1
12 58 1
12 63 1
12 64 1
12 66 1
12 68 1
12 72 1
12 73 1
12 74 1
12 76 1
12 77 1
12 78 1
12 80 1
12 81 1
12 82 1
12 83 1
12 84 1
12 87 1
12 88 1
12 89 1
12 90 1
12 92 1
12 95 1
12 101 1
12 102 1
12 106 1
12 107 1
12 108 1
12 110 1
12 111 1
12 112 1
12 113 1
12 114 1
12 119 1
12 123 1
12 124 1
12 125 1
12 126 1
12 127 1
12 128 1
12 129 1
12 136 1
12 137 1
12 140 1
12 141 1
12 143 1
12 144 1
12 146 1
12 150 1
12 152 1
12 156 1
12 157 1
12 158 1
12 159 1
12 160 1
12 161 1
12 164 1
12 165 1
12 167 1
12 169 1
12 172 1
12 173 1
12 174 1
12 178 1
12 179 1
12 180 1
12 184 1
12 189 1
12 192 1
12 197 1
12 198 1
12 199 1
12 200 1
13 14 1
13 15 1
13 16 1
13 17 1
13 19 1
13 20 1
13 25 1
13 26 1
13 27 1
13 28 1
13 31 1
13 33 1
13 35 1
13 37 1
13 38 1
13 39 1
13 40 1
13 42 1
13 43 1
13 46 1
13 51 1
13 52 1
13 53 1
13 55 1
13 56 1
13 58 1
13 60 1
13 64 1
13 66 1
13 67 1
13 68 1
13 69 1
13 71 1
13 72 1
13 73 1
13 74 1
13 77 1
13 78 1
13 79 1
13 82 1
13 84 1
13 85 1
13 90 1
13 92 1
13 97 1
13 98 1
13 101 1
13 102 1
13 108 1
13 109 1
13 110 1
13 113 1
13 114 1
13 115 1
13 117 1
13 121 1
13 122 1
13 124 1
13 129 1
13 130 1
13 132 1
13 135 1
13 136 1
13 138 1
13 140 1
13 141 1
13 142 1
13 143 1
13 144 1
13 145 1
13 146 1
13 147 1
13 148 1
13 151 1
13 152 1
13 154 1
13 155 1
13 156 1
13 157 1
13 158 1
13 160 1
13 161 1
13 163 1
13 165 1
13 166 1
13 167 1
13 169 1
13 170 1
13 171 1
13 174 1
13 176 1
13 179 1
13 183 1
13 188 1
13 191 1
13 193 1
13 196 1
13 197 1
14 15 1
14 16 1
14 17 1
14 19 1
14 20 1
14 22 1
14 23 1
14 24 1
14 28 1
14 29 1
14 31 1
14 32 1
14 33 1
14 35 1
14 37 1
14 39 1
14 40 1
14 41 1
14 46 1
14 48 1
14 50 1
14 52 1
14 55 1
14 56 1
14 57 1
14 58 1
14 63 1
14 64 1
14 66 1
14 67 1
14 69 1
14 75 1
14 78 1
14 84 1
14 85 1
14 88 1
14 91 1
14 92 1
14 95 1
14 97 1
14 99 1
14 100 1
14 101 1
14 102 1
14 103 1
14 104 1
14 105 1
14 107 1
14 109 1
14 111 1
14 113 1
14 114 1
14 115 1
14 117 1
14 118 1
14 121 1
14 123 1
14 125 1
14 131 1
14 134 1
14 135 1
14 136 1
14 138 1
14 139 1
14 141 1
14 144 1
14 149 1
14 150 1
14 152 1
14 156 1
14 158 1
14 162 1
14 163 1
14 164 1
14 170 1
14 172 1
14 174 1
14 175 1
14 176 1
14 177 1
14 179 1
14 181 1
14 183 1
14 184 1
14 186 1
14 188 1
14 190 1
14 191 1
14 192 1
14 193 1
14 195 1
14 196 1
14 197 1
14 198 1
14 199 1
15 16 1
15 17 1
15 22 1
15 23 1
15 27 1
15 28 1
15 32 1
15 35 1
15 37 1
15 40 1
15 43 1
15 46 1
15 47 1
15 48 1
15 49 1
15 50 1
15 52 1
15 54 1
15 56 1
15 57 1
15 59 1
15 60 1
15 66 1
15 67 1
15 70 1
15 74 1
15 76 1
15 79 1
15 80 1
15 81 1
15 83 1
15 85 1
15 87 1
15 88 1
15 90 1
15 94 1
15 96 1
15 97 1
15 99 1
15 101 1
15 102 1
15 103 1
15 105 1
15 106 1
15 109 1
15 113 1
15 114 1
15 116 1
15 120 1
15 121 1
15 122 1
15 123 1
15 124 1
15 125 1
15 126 1
15 127 1
15 129 1
15 131 1
15 134 1
15 135 1
15 136 1
15 138 1
15 139 1
15 142 1
15 145 1
15 146 1
15 147 1
15 149 1
15 151 1
15 154 1
15 155 1
15 159 1
15 161 1
15 162 1
15 168 1
15 171 1
15 175 1
15 177 1
15 180 1
15 182 1
15 185 1
15 187 1
15 188 1
15 189 1
15 191 1
15 192 1
15 193 1
15 194 1
15 195 1
15 197 1
15 199 1
15 200 1
16 17 1
16 19 1
16 20 1
16 22 1
16 25 1
16 26 1
16 31 1
16 32 1
16 34 1
16 36 1
16 38 1
16 44 1
16 46 1
16 48 1
16 49 1
16 51 1
16 53 1
16 54 1
16 55 1
16 58 1
16 62 1
16 63 1
16 68 1
16 70 1
16 71 1
16 72 1
16 76 1
16 78 1
16 80 1
16 81 1
16 83 1
16 85 1
16 86 1
16 87 1
16 88 1
16 89 1
16 92 1
16 93 1
16 100 1
16 102 1
16 103 1
16 104 1
16 105 1
16 106 1
16 109 1
16 112 1
16 115 1
16 117 1
16 119 1
16 121 1
16 124 1
16 126 1
16 131 1
16 134 1
16 135 1
16 138 1
16 141 1
16 142 1
16 143 1
16 146 1
16 148 1
16 152 1
16 153 1
16 157 1
16 158 1
16 159 1
16 161 1
16 163 1
16 164 1
16 165 1
16 167 1
16 172 1
16 173 1
16 175 1
16 176 1
16 179 1
16 180 1
16 181 1
16 182 1
16 185 1
16 187 1
16 188 1
16 192 1
16 193 1
16 196 1
16 197 1
16 198 1
16 199 1
17 19 1
17 20 1
17 21 1
17 22 1
17 23 1
17 30 1
17 31 1
17 33 1
17 34 1
17 35 1
17 36 1
17 38 1
17 39 1
17 42 1
17 44 1
17 47 1
17 48 1
17 49 1
17 52 1
17 54 1
17 55 1
17 57 1
17 58 1
17 59 1
17 60 1
17 62 1
17 64 1
17 65 1
17 66 1
17 68 1
17 70 1
17 71 1
17 72 1
17 73 1
17 74 1
17 75 1
17 80 1
17 83 1
17 85 1
17 86 1
17 87 1
17 89 1
17 93 1
17 94 1
17 96 1
17 98 1
17 99 1
17 100 1
17 101 1
17 102 1
17 104 1
17 107 1
17 108 1
17 110 1
17 113 1
17 114 1
17 115 1
17 116 1
17 117 1
17 118 1
17 120 1
17 122 1
17 125 1
17 127 1
17 130 1
17 131 1
17 132 1
17 136 1
17 137 1
17 139 1
17 140 1
17 141 1
17 142 1
17 143 1
17 146 1
17 147 1
17 148 1
17 149 1
17 151 1
17 152 1
17 156 1
17 157 1
17 161 1
17 162 1
17 165 1
17 166 1
17 168 1
17 169 1
17 170 1
17 171 1
17 172 1
17 174 1
17 175 1
17 176 1
17 177 1
17 178 1
17 182 1
17 183 1
17 186 1
17 187 1
17 192 1
17 193 1
17 194 1
17 195 1
17 199 1
17 200 1
18 23 1
18 24 1
18 25 1
18 29 1
18 30 1
18 33 1
18 34 1
18 35 1
18 37 1
18 38 1
18 39 1
18 41 1
18 44 1
18 45 1
18 48 1
18 50 1
18 51 1
18 53 1
18 55 1
18 57 1
18 59 1
18 60 1
18 62 1
18 65 1
18 67 1
18 69 1
18 71 1
18 73 1
18 74 1
18 76 1
18 78 1
18 80 1
18 81 1
18 85 1
18 86 1
18 90 1
18 92 1
18 94 1
18 95 1
18 96 1
18 97 1
18 98 1
18 104 1
18 105 1
18 106 1
18 112 1
18 113 1
18 114 1
18 117 1
18 122 1
18 124 1
18 125 1
18 128 1
18 129 1
18 131 1
18 132 1
18 134 1
18 135 1
18 136 1
18 137 1
18 140 1
18 141 1
18 143 1
18 149 1
18 150 1
18 151 1
18 153 1
18 154 1
18 158 1
18 161 1
18 162 1
18 163 1
18 166 1
18 167 1
18 168 1
18 170 1
18 172 1
18 175 1
18 176 1
18 177 1
18 179 1
18 180 1
18 181 1
18 183 1
18 184 1
18 185 1
18 186 1
18 187 1
18 188 1
18 189 1
18 190 1
18 191 1
18 194 1
18 196 1
18 197 1
18 198 1
18 200 1
19 21 1
19 24 1
19 27 1
19 28 1
19 31 1
19 33 1
19 34 1
19 36 1
19 38 1
19 39 1
19 40 1
19 41 1
19 42 1
19 45 1
19 46 1
19 50 1
19 51 1
19 52 1
19 53 1
19 57 1
19 60 1
19 61 1
19 62 1
19 64 1
19 65 1
19 66 1
19 67 1
19 68 1
19 74 1
19 75 1
19 76 1
19 77 1
19 78 1
19 79 1
19 82 1
19 84 1
19 85 1
19 87 1
19 88 1
19 90 1
19 93 1
19 94 1
19 95 1
19 97 1
19 99 1
19 101 1
19 103 1
19 104 1
19 105 1
19 106 1
19 108 1
19 115 1
19 116 1
19 117 1
19 118 1
19 119 1
19 120 1
19 121 1
19 122 1
19 125 1
19 126 1
19 127 1
19 128 1
19 130 1
19 131 1
19 132 1
19 134 1
19 136 1
19 138 1
19 141 1
19 143 1
19 145 1
19 148 1
19 149 1
19 151 1
19 152 1
19 154 1
19 156 1
19 157 1
19 159 1
19 160 1
19 161 1
19 162 1
19 165 1
19 167 1
19 169 1
19 170 1
19 173 1
19 174 1
19 176 1
19 179 1
19 182 1
19 187 1
19 189 1
19 193 1
19 194 1
19 198 1
19 199 1
20 23 1
20 26 1
20 27 1
20 28 1
20 32 1
20 33 1
20 34 1
20 35 1
20 37 1
20 39 1
20 40 1
20 42 1
20 44 1
20 45 1
20 47 1
20 58 1
20 59 1
20 61 1
20 64 1
20 66 1
20 67 1
20 68 1
20 69 1
20 70 1
20 71 1
20 72 1
20 75 1
20 76 1
20 77 1
20 80 1
20 85 1
20 89 1
20 93 1
20 95 1
20 96 1
20 97 1
20 98 1
20 101 1
20 102 1
20 103 1
20 105 1
20 106 1
20 108 1
20 110 1
20 111 1
20 114 1
20 119 1
20 123 1
20 126 1
20 127 1
20 129 1
20 134 1
20 137 1
20 139 1
20 141 1
20 143 1
20 149 1
20 151 1
20 152 1
20 153 1
20 155 1
20 157 1
20 159 1
20 160 1
20 161 1
20 162 1
20 165 1
20 166 1
20 168 1
20 169 1
20 170 1
20 172 1
20 173 1
20 178 1
20 181 1
20 182 1
20 183 1
20 184 1
20 186 1
20 187 1
20 188 1
20 190 1
20 191 1
20 192 1
20 195 1
20 200 1
21 22 1
21 23 1
21 24 1
21 25 1
21 27 1
21 29 1
21 30 1
21 32 1
21 33 1
21 34 1
21 35 1
21 37 1
21 38 1
21 39 1
21 43 1
21 44 1
21 45 1
21 52 1
21 53 1
21 56 1
21 58 1
21 59 1
21 60 1
21 61 1
21 63 1
21 64 1
21 66 1
21 70 1
21 71 1
21 74 1
21 75 1
21 76 1
21 82 1
21 84 1
21 85 1
21 86 1
21 89 1
21 91 1
21 93 1
21 94 1
21 99 1
21 101 1
21 102 1
21 105 1
21 108 1
21 114 1
21 115 1
21 116 1
21 117 1
21 118 1
21 120 1
21 121 1
21 122 1
21 126 1
21 130 1
21 132 1
21 133 1
21 134 1
21 135 1
21 136 1
21 137 1
21 140 1
21 141 1
21 143 1
21 145 1
21 147 1
21 148 1
21 149 1
21 150 1
21 155 1
21 157 1
21 158 1
21 160 1
21 163 1
21 164 1
21 166 1
21 167 1
21 168 1
21 171 1
21 174 1
21 175 1
21 178 1
21 180 1
21 182 1
21 183 1
21 185 1
21 188 1
21 189 1
21 191 1
21 193 1
21 196 1
21 197 1
21 198 1
22 28 1
22 31 1
22 36 1
22 37 1
22 41 1
22 42 1
22 45 1
22 47 1
22 48 1
22 51 1
22 52 1
22 53 1
22 56 1
22 57 1
22 58 1
22 60 1
22 62 1
22 66 1
22 67 1
22 68 1
22 71 1
22 72 1
22 76 1
22 77 1
22 78 1
22 79 1
22 81 1
22 82 1
22 83 1
22 84 1
22 85 1
22 87 1
22 89 1
22 93 1
22 94 1
22 104 1
22 105 1
22 107 1
22 109 1
22 111 1
22 112 1
22 113 1
22 114 1
22 115 1
22 119 1
22 120 1
22 121 1
22 123 1
22 124 1
22 125 1
22 126 1
22 127 1
22 128 1
22 129 1
22 130 1
22 133 1
22 134 1
22 135 1
22 136 1
22 139 1
22 141 1
22 143 1
22 144 1
22 145 1
22 146 1
22 147 1
22 148 1
22 149 1
22 150 1
22 151 1
22 152 1
22 153 1
22 154 1
22 155 1
22 157 1
22 158 1
22 159 1
22 160 1
22 161 1
22 166 1
22 167 1
22 168 1
22 170 1
22 180 1
22 181 1
22 183 1
22 191 1
22 192 1
22 195 1
22 197 1
22 198 1
23 25 1
23 26 1
23 29 1
23 30 1
23 35 1
23 38 1
23 39 1
23 40 1
23 42 1
23 43 1
23 44 1
23 45 1
23 46 1
23 47 1
23 48 1
23 49 1
23 50 1
23 51 1
23 54 1
23 55 1
23 57 1
23 58 1
23 59 1
23 60 1
23 61 1
23 62 1
23 63 1
23 64 1
23 65 1
23 71 1
23 73 1
23 75 1
23 77 1
23 79 1
23 80 1
23 81 1
23 82 1
23 84 1
23 85 1
23 86 1
23 88 1
23 89 1
23 93 1
23 94 1
23 95 1
23 97 1
23 100 1
23 103 1
23 106 1
23 107 1
23 108 1
23 112 1
23 113 1
23 114 1
23 115 1
23 116 1
23 117 1
23 119 1
23 120 1
23 124 1
23 127 1
23 129 1
23 130 1
23 132 1
23 133 1
23 135 1
23 136 1
23 137 1
23 139 1
23 141 1
23 142 1
23 143 1
23 144 1
23 148 1
23 149 1
23 150 1
23 152 1
23 154 1
23 157 1
23 161 1
23 162 1
23 165 1
23 166 1
23 167 1
23 168 1
23 169 1
23 170 1
23 172 1
23 175 1
23 176 1
23 180 1
23 181 1
23 188 1
23 189 1
23 190 1
23 193 1
23 199 1
23 200 1
24 25 1
24 27 1
24 29 1
24 33 1
24 34 1
24 35 1
24 36 1
24 42 1
24 47 1
24 49 1
24 50 1
24 52 1
24 55 1
24 56 1
24 58 1
24 61 1
24 62 1
24 65 1
24 71 1
24 72 1
24 76 1
24 78 1
24 79 1
24 81 1
24 83 1
24 84 1
24 85 1
24 87 1
24 90 1
24 94 1
24 95 1
24 97 1
24 99 1
24 100 1
24 104 1
24 105 1
24 107 1
24 109 1
24 113 1
24 114 1
24 117 1
24 119 1
24 121 1
24 122 1
24 123 1
24 125 1
24 126 1
24 128 1
24 130 1
24 131 1
24 134 1
24 136 1
24 137 1
24 140 1
24 141 1
24 143 1
24 144 1
24 145 1
24 146 1
24 147 1
24 148 1
24 150 1
24 151 1
24 153 1
24 157 1
24 158 1
24 159 1
24 162 1
24 163 1
24 165 1
24 166 1
24 169 1
24 170 1
24 173 1
24 174 1
24 176 1
24 177 1
24 178 1
24 181 1
24 182 1
24 184 1
24 186 1
24 187 1
24 188 1
24 190 1
24 191 1
24 194 1
24 196 1
24 197 1
24 198 1
24 200 1
25 29 1
25 30 1
25 31 1
25 34 1
25 35 1
25 37 1
25 38 1
25 40 1
25 43 1
25 44 1
25 45 1
25 47 1
25 49 1
25 50 1
25 51 1
25 52 1
25 53 1
25 56 1
25 58 1
25 59 1
25 60 1
25 61 1
25 62 1
25 63 1
25 64 1
25 65 1
25 66 1
25 73 1
25 74 1
25 76 1
25 77 1
25 78 1
25 79 1
25 80 1
25 82 1
25 83 1
25 84 1
25 85 1
25 87 1
25 88 1
25 90 1
25 95 1
25 97 1
25 99 1
25 101 1
25 103 1
25 106 1
25 110 1
25 111 1
25 114 1
25 116 1
25 120 1
25 125 1
25 127 1
25 128 1
25 129 1
25 134 1
25 135 1
25 143 1
25 144 1
25 145 1
25 148 1
25 149 1
25 152 1
25 154 1
25 156 1
25 158 1
25 162 1
25 164 1
25 165 1
25 166 1
25 169 1
25 171 1
25 173 1
25 177 1
25 178 1
25 179 1
25 181 1
25 183 1
25 188 1
25 191 1
25 192 1
25 195 1
25 196 1
25 198 1
26 28 1
26 32 1
26 35 1
26 37 1
26 40 1
26 43 1
26 49 1
26 51 1
26 53 1
26 56 1
26 57 1
26 58 1
26 59 1
26 61 1
26 65 1
26 66 1
26 67 1
26 68 1
26 70 1
26 71 1
26 73 1
26 75 1
26 79 1
26 84 1
26 85 1
26 86 1
26 88 1
26 89 1
26 90 1
26 91 1
26 94 1
26 95 1
26 97 1
26 100 1
26 101 1
26 105 1
26 106 1
26 107 1
26 108 1
26 110 1
26 115 1
26 116 1
26 119 1
26 121 1
26 123 1
26 124 1
26 125 1
26 126 1
26 127 1
26 128 1
26 130 1
26 132 1
26 138 1
26 143 1
26 145 1
26 152 1
26 153 1
26 157 1
26 163 1
26 166 1
26 167 1
26 168 1
26 169 1
26 171 1
26 173 1
26 174 1
26 175 1
26 178 1
26 181 1
26 185 1
26 193 1
26 198 1
26 199 1
26 200 1
27 29 1
27 31 1
27 32 1
27 33 1
27 34 1
27 35 1
27 36 1
27 37 1
27 39 1
27 41 1
27 42 1
27 44 1
27 47 1
27 49 1
27 54 1
27 56 1
27 57 1
27 60 1
27 62 1
27 66 1
27 68 1
27 74 1
27 76 1
27 77 1
27 81 1
27 82 1
27 83 1
27 89 1
27 90 1
27 91 1
27 93 1
27 96 1
27 98 1
27 102 1
27 104 1
27 105 1
27 108 1
27 112 1
27 115 1
27 116 1
27 117 1
27 118 1
27 119 1
27 120 1
27 121 1
27 123 1
27 126 1
27 128 1
27 134 1
27 135 1
27 136 1
27 141 1
27 143 1
27 148 1
27 149 1
27 150 1
27 152 1
27 154 1
27 156 1
27 157 1
27 158 1
27 159 1
27 160 1
27 164 1
27 166 1
27 167 1
27 169 1
27 170 1
27 171 1
27 174 1
27 179 1
27 180 1
27 181 1
27 183 1
27 184 1
27 185 1
27 188 1
27 189 1
27 190 1
27 191 1
27 193 1
27 194 1
27 197 1
27 198 1
28 29 1
28 31 1
28 32 1
28 33 1
28 34 1
28 35 1
28 36 1
28 37 1
28 38 1
28 40 1
28 43 1
28 44 1
28 46 1
28 47 1
28 48 1
28 51 1
28 54 1
28 57 1
28 60 1
28 61 1
28 62 1
28 63 1
28 64 1
28 65 1
28 69 1
28 70 1
28 73 1
28 79 1
28 81 1
28 82 1
28 85 1
28 86 1
28 87 1
28 88 1
28 90 1
28 95 1
28 99 1
28 100 1
28 101 1
28 102 1
28 103 1
28 104 1
28 107 1
28 110 1
28 111 1
28 117 1
28 121 1
28 123 1
28 124 1
28 126 1
28 127 1
28 128 1
28 129 1
28 132 1
28 133 1
28 141 1
28 142 1
28 143 1
28 144 1
28 145 1
28 150 1
28 155 1
28 156 1
28 157 1
28 158 1
28 161 1
28 162 1
28 165 1
28 166 1
28 168 1
28 169 1
28 170 1
28 174 1
28 176 1
28 178 1
28 179 1
28 180 1
28 181 1
28 182 1
28 185 1
28 186 1
28 188 1
28 190 1
28 195 1
28 196 1
28 198 1
28 200 1
29 30 1
29 31 1
29 33 1
29 34 1
29 37 1
29 38 1
29 40 1
29 44 1
29 45 1
29 48 1
29 51 1
29 52 1
29 54 1
29 57 1
29 59 1
29 62 1
29 63 1
29 65 1
29 66 1
29 67 1
29 68 1
29 70 1
29 73 1
29 75 1
29 76 1
29 79 1
29 80 1
29 81 1
29 82 1
29 85 1
29 87 1
29 88 1
29 89 1
29 92 1
29 93 1
29 94 1
29 95 1
29 96 1
29 101 1
29 104 1
29 107 1
29 109 1
29 114 1
29 120 1
29 121 1
29 123 1
29 128 1
29 130 1
29 131 1
29 133 1
29 134 1
29 137 1
29 139 1
29 141 1
29 142 1
29 146 1
29 147 1
29 148 1
29 149 1
29 151 1
29 152 1
29 153 1
29 155 1
29 156 1
29 160 1
29 161 1
29 167 1
29 168 1
29 169 1
29 171 1
29 173 1
29 176 1
29 177 1
29 178 1
29 183 1
29 184 1
29 185 1
29 186 1
29 187 1
29 189 1
29 192 1
29 193 1
29 197 1
29 198 1
29 199 1
29 200 1
30 31 1
30 32 1
30 38 1
30 40 1
30 44 1
30 49 1
30 50 1
30 52 1
30 54 1
30 57 1
30 61 1
30 62 1
30 63 1
30 64 1
30 65 1
30 67 1
30 69 1
30 71 1
30 74 1
30 76 1
30 78 1
30 79 1
30 80 1
30 81 1
30 84 1
30 86 1
30 88 1
30 89 1
30 99 1
30 100 1
30 101 1
30 102 1
30 105 1
30 107 1
30 108 1
30 109 1
30 111 1
30 116 1
30 117 1
30 121 1
30 122 1
30 123 1
30 124 1
30 127 1
30 130 1
30 132 1
30 134 1
30 137 1
30 139 1
30 140 1
30 141 1
30 142 1
30 143 1
30 145 1
30 146 1
30 147 1
30 148 1
30 152 1
30 153 1
30 154 1
30 155 1
30 160 1
30 161 1
30 162 1
30 163 1
30 164 1
30 165 1
30 168 1
30 171 1
30 174 1
30 175 1
30 176 1
30 178 1
30 179 1
30 182 1
30 183 1
30 186 1
30 188 1
30 189 1
30 190 1
30 191 1
30 195 1
30 197 1
30 198 1
31 34 1
31 37 1
31 38 1
31 41 1
31 42 1
31 43 1
31 44 1
31 46 1
31 48 1
31 51 1
31 52 1
31 53 1
31 56 1
31 62 1
31 65 1
31 66 1
31 68 1
31 69 1
31 71 1
31 73 1
31 75 1
31 77 1
31 83 1
31 84 1
31 85 1
31 86 1
31 93 1
31 94 1
31 105 1
31 107 1
31 109 1
31 110 1
31 111 1
31 112 1
31 117 1
31 118 1
31 120 1
31 121 1
31 126 1
31 129 1
31 130 1
31 132 1
31 133 1
31 134 1
31 135 1
31 137 1
31 138 1
31 140 1
31 143 1
31 144 1
31 146 1
31 147 1
31 149 1
31 152 1
31 155 1
31 156 1
31 157 1
31 161 1
31 162 1
31 166 1
31 167 1
31 168 1
31 170 1
31 171 1
31 174 1
31 176 1
31 179 1
31 180 1
31 183 1
31 185 1
31 189 1
31 192 1
31 196 1
31 197 1
31 198 1
31 199 1
31 200 1
32 35 1
32 36 1
32 42 1
32 46 1
32 47 1
32 48 1
32 49 1
32 50 1
32 53 1
32 56 1
32 61 1
32 63 1
32 64 1
32 65 1
32 67 1
32 68 1
32 70 1
32 73 1
32 74 1
32 76 1
32 78 1
32 79 1
32 81 1
32 82 1
32 84 1
32 85 1
32 86 1
32 89 1
32 90 1
32 91 1
32 92 1
32 96 1
32 97 1
32 98 1
32 99 1
32 100 1
32 101 1
32 104 1
32 107 1
32 109 1
32 112 1
32 113 1
32 114 1
32 115 1
32 116 1
32 120 1
32 123 1
32 124 1
32 126 1
32 128 1
32 131 1
32 132 1
32 133 1
32 135 1
32 138 1
32 139 1
32 140 1
32 141 1
32 143 1
32 149 1
32 150 1
32 151 1
32 155 1
32 159 1
32 161 1
32 163 1
32 165 1
32 166 1
32 167 1
32 168 1
32 169 1
32 171 1
32 172 1
32 173 1
32 174 1
32 176 1
32 184 1
32 186 1
32 188 1
32 196 1
32 199 1
33 34 1
33 37 1
33 38 1
33 39 1
33 40 1
33 41 1
33 42 1
33 44 1
33 45 1
33 46 1
33 49 1
33 50 1
33 51 1
33 52 1
33 55 1
33 56 1
33 59 1
33 60 1
33 61 1
33 62 1
33 64 1
33 67 1
33 70 1
33 73 1
33 85 1
33 86 1
33 87 1
33 88 1
33 89 1
33 90 1
33 93 1
33 94 1
33 96 1
33 98 1
33 101 1
33 102 1
33 107 1
33 108 1
33 109 1
33 110 1
33 111 1
33 112 1
33 115 1
33 116 1
33 117 1
33 118 1
33 119 1
33 121 1
33 122 1
33 123 1
33 129 1
33 130 1
33 131 1
33 133 1
33 134 1
33 138 1
33 139 1
33 140 1
33 144 1
33 145 1
33 146 1
33 147 1
33 155 1
33 156 1
33 157 1
33 158 1
33 159 1
33 160 1
33 163 1
33 164 1
33 170 1
33 171 1
33 173 1
33 175 1
33 176 1
33 177 1
33 181 1
33 182 1
33 183 1
33 184 1
33 186 1
33 190 1
33 193 1
33 195 1
33 196 1
33 198 1
34 36 1
34 38 1
34 39 1
34 40 1
34 45 1
34 46 1
34 47 1
34 49 1
34 51 1
34 54 1
34 55 1
34 56 1
34 59 1
34 61 1
34 62 1
34 65 1
34 66 1
34 68 1
34 71 1
34 72 1
34 74 1
34 78 1
34 80 1
34 81 1
34 82 1
34 85 1
34 86 1
34 94 1
34 96 1
34 98 1
34 101 1
34 102 1
34 104 1
34 105 1
34 107 1
34 108 1
34 111 1
34 114 1
34 116 1
34 119 1
34 120 1
34 123 1
34 124 1
34 127 1
34 128 1
34 131 1
34 132 1
34 133 1
34 135 1
34 136 1
34 137 1
34 138 1
34 141 1
34 143 1
34 144 1
34 145 1
34 146 1
34 148 1
34 149 1
34 150 1
34 152 1
34 155 1
34 156 1
34 160 1
34 163 1
34 165 1
34 166 1
34 168 1
34 170 1
34 173 1
34 181 1
34 185 1
34 187 1
34 188 1
34 190 1
34 192 1
34 193 1
34 194 1
34 197 1
34 199 1
34 200 1
35 39 1
35 40 1
35 42 1
35 43 1
35 44 1
35 45 1
35 47 1
35 48 1
35 49 1
35 52 1
35 53 1
35 55 1
35 57 1
35 62 1
35 63 1
35 65 1
35 70 1
35 73 1
35 74 1
35 75 1
35 76 1
35 77 1
35 80 1
35 83 1
35 84 1
35 85 1
35 88 1
35 89 1
35 90 1
35 91 1
35 93 1
35 94 1
35 95 1
35 96 1
35 97 1
35 98 1
35 100 1
35 101 1
35 105 1
35 106 1
35 110 1
35 113 1
35 114 1
35 117 1
35 119 1
35 120 1
35 121 1
35 125 1
35 128 1
35 131 1
35 132 1
35 135 1
35 136 1
35 137 1
35 140 1
35 141 1
35 142 1
35 144 1
35 146 1
35 148 1
35 149 1
35 151 1
35 152 1
35 155 1
35 157 1
35 158 1
35 159 1
35 161 1
35 165 1
35 166 1
35 170 1
35 173 1
35 174 1
35 175 1
35 177 1
35 181 1
35 182 1
35 184 1
35 187 1
35 189 1
35 190 1
35 193 1
35 197 1
35 198 1
35 200 1
36 37 1
36 39 1
36 40 1
36 41 1
36 44 1
36 45 1
36 47 1
36 48 1
36 51 1
36 54 1
36 55 1
36 56 1
36 60 1
36 63 1
36 65 1
36 66 1
36 68 1
36 69 1
36 71 1
36 74 1
36 75 1
36 78 1
36 79 1
36 81 1
36 82 1
36 89 1
36 90 1
36 91 1
36 92 1
36 94 1
36 96 1
36 97 1
36 100 1
36 102 1
36 104 1
36 106 1
36 107 1
36 110 1
36 113 1
36 115 1
36 118 1
36 123 1
36 124 1
36 127 1
36 128 1
36 130 1
36 131 1
36 132 1
36 134 1
36 135 1
36 137 1
36 138 1
36 140 1
36 141 1
36 142 1
36 143 1
36 144 1
36 145 1
36 146 1
36 147 1
36 151 1
36 153 1
36 157 1
36 158 1
36 160 1
36 163 1
36 165 1
36 168 1
36 169 1
36 173 1
36 174 1
36 175 1
36 180 1
36 181 1
36 184 1
36 186 1
36 187 1
36 190 1
36 193 1
36 195 1
36 198 1
36 200 1
37 38 1
37 39 1
37 40 1
37 41 1
37 43 1
37 44 1
37 48 1
37 52 1
37 55 1
37 56 1
37 57 1
37 58 1
37 59 1
37 65 1
37 68 1
37 69 1
37 72 1
37 76 1
37 78 1
37 80 1
37 81 1
37 82 1
37 88 1
37 91 1
37 92 1
37 93 1
37 94 1
37 95 1
37 97 1
37 98 1
37 99 1
37 101 1
37 102 1
37 103 1
37 105 1
37 107 1
37 115 1
37 116 1
37 117 1
37 118 1
37 120 1
37 121 1
37 122 1
37 123 1
37 124 1
37 126 1
37 127 1
37 128 1
37 130 1
37 135 1
37 138 1
37 139 1
37 140 1
37 142 1
37 143 1
37 146 1
37 148 1
37 151 1
37 152 1
37 154 1
37 155 1
37 156 1
37 157 1
37 158 1
37 160 1
37 163 1
37 165 1
37 166 1
37 167 1
37 169 1
37 171 1
37 173 1
37 175 1
37 176 1
37 177 1
37 180 1
37 185 1
37 188 1
37 189 1
37 192 1
37 194 1
37 195 1
37 198 1
37 199 1
38 40 1
38 41 1
38 43 1
38 46 1
38 48 1
38 51 1
38 52 1
38 53 1
38 56 1
38 57 1
38 58 1
38 59 1
38 61 1
38 63 1
38 64 1
38 66 1
38 67 1
38 68 1
38 69 1
38 72 1
38 73 1
38 75 1
38 76 1
38 79 1
38 80 1
38 81 1
38 83 1
38 85 1
38 86 1
38 87 1
38 94 1
38 98 1
38 99 1
38 100 1
38 102 1
38 104 1
38 108 1
38 111 1
38 112 1
38 117 1
38 120 1
38 124 1
38 125 1
38 127 1
38 128 1
38 131 1
38 133 1
38 134 1
38 135 1
38 137 1
38 141 1
38 143 1
38 145 1
38 147 1
38 148 1
38 150 1
38 151 1
38 152 1
38 153 1
38 154 1
38 155 1
38 156 1
38 157 1
38 159 1
38 161 1
38 162 1
38 164 1
38 166 1
38 168 1
38 172 1
38 173 1
38 175 1
38 176 1
38 177 1
38 178 1
38 179 1
38 180 1
38 181 1
38 182 1
38 183 1
38 184 1
38 187 1
38 188 1
38 190 1
38 192 1
38 194 1
38 195 1
38 197 1
38 199 1
39 40 1
39 41 1
39 42 1
39 45 1
39 46 1
39 47 1
39 48 1
39 54 1
39 55 1
39 57 1
39 59 1
39 61 1
39 62 1
39 65 1
39 69 1
39 76 1
39 77 1
39 78 1
39 80 1
39 81 1
39 83 1
39 88 1
39 89 1
39 90 1
39 91 1
39 94 1
39 95 1
39 98 1
39 99 1
39 101 1
39 105 1
39 106 1
39 109 1
39 110 1
39 111 1
39 112 1
39 113 1
39 114 1
39 116 1
39 117 1
39 118 1
39 119 1
39 120 1
39 123 1
39 125 1
39 127 1
39 128 1
39 129 1
39 132 1
39 133 1
39 137 1
39 138 1
39 141 1
39 143 1
39 145 1
39 146 1
39 148 1
39 149 1
39 150 1
39 151 1
39 152 1
39 155 1
39 157 1
39 158 1
39 160 1
39 161 1
39 162 1
39 166 1
39 169 1
39 170 1
39 171 1
39 174 1
39 175 1
39 176 1
39 178 1
39 179 1
39 181 1
39 183 1
39 187 1
39 190 1
39 192 1
39 195 1
39 197 1
39 198 1
39 199 1
40 42 1
40 44 1
40 45 1
40 46 1
40 48 1
40 49 1
40 50 1
40 53 1
40 54 1
40 58 1
40 61 1
40 63 1
40 65 1
40 66 1
40 68 1
40 69 1
40 72 1
40 75 1
40 77 1
40 79 1
40 83 1
40 84 1
40 87 1
40 88 1
40 89 1
40 91 1
40 92 1
40 93 1
40 94 1
40 95 1
40 96 1
40 97 1
40 99 1
40 100 1
40 106 1
40 107 1
40 110 1
40 111 1
40 114 1
40 116 1
40 118 1
40 120 1
40 121 1
40 125 1
40 127 1
40 129 1
40 130 1
40 132 1
40 133 1
40 134 1
40 137 1
40 140 1
40 142 1
40 144 1
40 146 1
40 149 1
40 156 1
40 158 1
40 161 1
40 162 1
40 163 1
40 164 1
40 167 1
40 169 1
40 170 1
40 174 1
40 175 1
40 176 1
40 177 1
40 178 1
40 180 1
40 181 1
40 182 1
40 186 1
40 189 1
40 190 1
40 191 1
40 193 1
40 194 1
40 199 1
41 44 1
41 46 1
41 47 1
41 49 1
41 53 1
41 55 1
41 60 1
41 66 1
41 67 1
41 68 1
41 70 1
41 71 1
41 72 1
41 73 1
41 74 1
41 79 1
41 81 1
41 82 1
41 83 1
41 85 1
41 86 1
41 88 1
41 89 1
41 91 1
41 92 1
41 97 1
41 99 1
41 101 1
41 102 1
41 103 1
41 104 1
41 109 1
41 110 1
41 111 1
41 113 1
41 114 1
41 117 1
41 119 1
41 120 1
41 121 1
41 124 1
41 125 1
41 127 1
41 128 1
41 129 1
41 130 1
41 132 1
41 134 1
41 136 1
41 137 1
41 139 1
41 140 1
41 141 1
41 143 1
41 144 1
41 147 1
41 149 1
41 155 1
41 159 1
41 162 1
41 163 1
41 165 1
41 166 1
41 167 1
41 171 1
41 173 1
41 174 1
41 176 1
41 185 1
41 188 1
41 190 1
41 191 1
41 192 1
41 193 1
41 196 1
41 197 1
41 198 1
41 199 1
42 44 1
42 48 1
42 52 1
42 53 1
42 57 1
42 59 1
42 60 1
42 62 1
42 64 1
42 65 1
42 69 1
42 71 1
42 73 1
42 74 1
42 75 1
42 76 1
42 77 1
42 78 1
42 80 1
42 81 1
42 83 1
42 84 1
42 85 1
42 86 1
42 87 1
42 88 1
42 89 1
42 90 1
42 94 1
42 95 1
42 96 1
42 98 1
42 99 1
42 105 1
42 106 1
42 107 1
42 108 1
42 109 1
42 110 1
42 111 1
42 115 1
42 117 1
42 118 1
42 120 1
42 121 1
42 122 1
42 125 1
42 128 1
42 129 1
42 131 1
42 133 1
42 134 1
42 135 1
42 136 1
42 143 1
42 144 1
42 147 1
42 148 1
42 153 1
42 154 1
42 156 1
42 158 1
42 159 1
42 160 1
42 161 1
42 163 1
42 164 1
42 166 1
42 167 1
42 169 1
42 170 1
42 171 1
42 173 1
42 174 1
42 181 1
42 184 1
42 186 1
42 187 1
42 188 1
42 190 1
42 194 1
42 197 1
42 198 1
42 199 1
42 200 1
43 48 1
43 49 1
43 51 1
43 52 1
43 53 1
43 57 1
43 62 1
43 64 1
43 65 1
43 68 1
43 69 1
43 74 1
43 77 1
43 80 1
43 82 1
43 84 1
43 86 1
43 89 1
43 92 1
43 93 1
43 94 1
43 95 1
43 96 1
43 97 1
43 98 1
43 99 1
43 100 1
43 103 1
43 104 1
43 106 1
43 108 1
43 110 1
43 113 1
43 117 1
43 120 1
43 124 1
43 126 1
43 128 1
43 129 1
43 131 1
43 132 1
43 134 1
43 136 1
43 139 1
43 140 1
43 142 1
43 145 1
43 147 1
43 149 1
43 152 1
43 155 1
43 157 1
43 160 1
43 162 1
43 164 1
43 165 1
43 166 1
43 168 1
43 169 1
43 170 1
43 174 1
43 182 1
43 183 1
43 184 1
43 188 1
43 189 1
43 190 1
43 191 1
43 194 1
43 195 1
43 198 1
43 199 1
44 45 1
44 47 1
44 48 1
44 51 1
44 54 1
44 55 1
44 56 1
44 57 1
44 59 1
44 61 1
44 62 1
44 63 1
44 64 1
44 67 1
44 76 1
44 78 1
44 81 1
44 82 1
44 83 1
44 84 1
44 86 1
44 90 1
44 93 1
44 95 1
44 97 1
44 98 1
44 99 1
44 100 1
44 101 1
44 102 1
44 103 1
44 105 1
44 106 1
44 107 1
44 108 1
44 110 1
44 111 1
44 113 1
44 114 1
44 121 1
44 125 1
44 127 1
44 128 1
44 129 1
44 130 1
44 131 1
44 132 1
44 133 1
44 134 1
44 137 1
44 144 1
44 145 1
44 147 1
44 151 1
44 155 1
44 157 1
44 159 1
44 162 1
44 163 1
44 164 1
44 168 1
44 169 1
44 172 1
44 173 1
44 176 1
44 178 1
44 179 1
44 180 1
44 181 1
44 183 1
44 184 1
44 185 1
44 186 1
44 187 1
44 188 1
44 192 1
44 193 1
44 194 1
44 197 1
44 200 1
45 46 1
45 49 1
45 52 1
45 54 1
45 56 1
45 57 1
45 58 1
45 60 1
45 61 1
45 62 1
45 63 1
45 64 1
45 66 1
45 68 1
45 69 1
45 71 1
45 72 1
45 74 1
45 76 1
45 77 1
45 78 1
45 80 1
45 82 1
45 83 1
45 84 1
45 87 1
45 92 1
45 93 1
45 94 1
45 95 1
45 97 1
45 99 1
45 101 1
45 102 1
45 103 1
45 104 1
45 105 1
45 108 1
45 109 1
45 111 1
45 113 1
45 115 1
45 118 1
45 119 1
45 120 1
45 121 1
45 122 1
45 124 1
45 126 1
45 127 1
45 128 1
45 137 1
45 138 1
45 140 1
45 141 1
45 144 1
45 145 1
45 146 1
45 147 1
45 152 1
45 153 1
45 154 1
45 156 1
45 158 1
45 159 1
45 160 1
45 161 1
45 164 1
45 165 1
45 167 1
45 168 1
45 169 1
45 170 1
45 171 1
45 173 1
45 176 1
45 177 1
45 178 1
45 180 1
45 181 1
45 184 1
45 185 1
45 186 1
45 191 1
45 192 1
45 193 1
45 194 1
45 196 1
45 197 1
45 200 1
46 47 1
46 48 1
46 50 1
46 51 1
46 53 1
46 55 1
46 57 1
46 61 1
46 64 1
46 67 1
46 68 1
46 71 1
46 73 1
46 74 1
46 76 1
46 78 1
46 79 1
46 82 1
46 83 1
46 86 1
46 87 1
46 88 1
46 93 1
46 97 1
46 98 1
46 101 1
46 102 1
46 106 1
46 107 1
46 108 1
46 109 1
46 113 1
46 115 1
46 116 1
46 118 1
46 119 1
46 120 1
46 121 1
46 122 1
46 124 1
46 126 1
46 128 1
46 129 1
46 130 1
46 131 1
46 132 1
46 133 1
46 134 1
46 135 1
46 136 1
46 138 1
46 141 1
46 146 1
46 147 1
46 149 1
46 150 1
46 154 1
46 155 1
46 156 1
46 162 1
46 167 1
46 168 1
46 170 1
46 173 1
46 175 1
46 177 1
46 178 1
46 180 1
46 183 1
46 184 1
46 186 1
46 189 1
46 190 1
46 193 1
46 194 1
46 195 1
46 196 1
46 197 1
46 198 1
47 48 1
47 49 1
47 51 1
47 52 1
47 53 1
47 54 1
47 59 1
47 60 1
47 61 1
47 63 1
47 64 1
47 66 1
47 67 1
47 68 1
47 69 1
47 71 1
47 72 1
47 73 1
47 74 1
47 75 1
47 77 1
47 79 1
47 81 1
47 82 1
47 83 1
47 86 1
47 87 1
47 89 1
47 91 1
47 92 1
47 93 1
47 98 1
47 99 1
47 100 1
47 105 1
47 106 1
47 107 1
47 108 1
47 109 1
47 111 1
47 112 1
47 113 1
47 117 1
47 118 1
47 119 1
47 121 1
47 122 1
47 123 1
47 126 1
47 127 1
47 131 1
47 134 1
47 136 1
47 139 1
47 144 1
47 149 1
47 150 1
47 152 1
47 153 1
47 155 1
47 156 1
47 157 1
47 159 1
47 161 1
47 164 1
47 170 1
47 172 1
47 173 1
47 174 1
47 175 1
47 178 1
47 182 1
47 186 1
47 188 1
47 190 1
47 191 1
47 194 1
47 198 1
47 199 1
47 200 1
48 53 1
48 54 1
48 55 1
48 59 1
48 60 1
48 64 1
48 67 1
48 69 1
48 71 1
48 74 1
48 78 1
48 82 1
48 83 1
48 84 1
48 85 1
48 87 1
48 89 1
48 90 1
48 93 1
48 95 1
48 96 1
48 97 1
48 98 1
48 102 1
48 103 1
48 104 1
48 111 1
48 113 1
48 114 1
48 118 1
48 120 1
48 121 1
48 122 1
48 128 1
48 132 1
48 133 1
48 138 1
48 139 1
48 140 1
48 141 1
48 143 1
48 144 1
48 149 1
48 152 1
48 156 1
48 157 1
48 159 1
48 160 1
48 163 1
48 164 1
48 168 1
48 169 1
48 171 1
48 172 1
48 173 1
48 175 1
48 176 1
48 178 1
48 181 1
48 184 1
48 185 1
48 190 1
48 191 1
48 193 1
48 195 1
48 196 1
48 198 1
48 199 1
48 200 1
49 53 1
49 54 1
49 59 1
49 60 1
49 61 1
49 62 1
49 63 1
49 65 1
49 66 1
49 67 1
49 68 1
49 71 1
49 74 1
49 76 1
49 78 1
49 79 1
49 81 1
49 82 1
49 84 1
49 85 1
49 86 1
49 90 1
49 91 1
49 92 1
49 93 1
49 94 1
49 95 1
49 97 1
49 100 1
49 101 1
49 104 1
49 107 1
49 108 1
49 114 1
49 115 1
49 117 1
49 118 1
49 121 1
49 122 1
49 123 1
49 124 1
49 125 1
49 126 1
49 128 1
49 129 1
49 130 1
49 131 1
49 132 1
49 141 1
49 147 1
49 148 1
49 149 1
49 151 1
49 152 1
49 155 1
49 156 1
49 157 1
49 158 1
49 160 1
49 161 1
49 162 1
49 167 1
49 168 1
49 169 1
49 171 1
49 172 1
49 173 1
49 174 1
49 175 1
49 178 1
49 182 1
49 189 1
49 192 1
49 194 1
49 196 1
49 197 1
49 198 1
50 51 1
50 54 1
50 56 1
50 59 1
50 60 1
50 63 1
50 64 1
50 65 1
50 66 1
50 67 1
50 69 1
50 70 1
50 74 1
50 78 1
50 79 1
50 81 1
50 82 1
50 83 1
50 86 1
50 88 1
50 92 1
50 93 1
50 97 1
50 99 1
50 100 1
50 101 1
50 103 1
50 107 1
50 109 1
50 111 1
50 115 1
50 116 1
50 117 1
50 118 1
50 119 1
50 121 1
50 122 1
50 123 1
50 128 1
50 129 1
50 130 1
50 131 1
50 139 1
50 140 1
50 142 1
50 144 1
50 148 1
50 149 1
50 150 1
50 152 1
50 153 1
50 154 1
50 155 1
50 156 1
50 157 1
50 158 1
50 161 1
50 163 1
50 169 1
50 171 1
50 172 1
50 174 1
50 175 1
50 179 1
50 183 1
50 185 1
50 189 1
50 190 1
50 191 1
50 193 1
50 195 1
50 198 1
50 199 1
50 200 1
51 52 1
51 53 1
51 54 1
51 55 1
51 56 1
51 60 1
51 61 1
51 65 1
51 67 1
51 69 1
51 70 1
51 71 1
51 77 1
51 78 1
51 79 1
51 81 1
51 83 1
51 84 1
51 88 1
51 89 1
51 90 1
51 92 1
51 93 1
51 96 1
51 99 1
51 100 1
51 102 1
51 103 1
51 104 1
51 105 1
51 106 1
51 107 1
51 109 1
51 110 1
51 111 1
51 112 1
51 113 1
51 114 1
51 115 1
51 117 1
51 118 1
51 119 1
51 120 1
51 121 1
51 122 1
51 123 1
51 125 1
51 127 1
51 129 1
51 132 1
51 134 1
51 137 1
51 142 1
51 145 1
51 146 1
51 148 1
51 149 1
51 150 1
51 154 1
51 156 1
51 157 1
51 158 1
51 159 1
51 160 1
51 161 1
51 162 1
51 164 1
51 166 1
51 169 1
51 174 1
51 175 1
51 178 1
51 179 1
51 181 1
51 184 1
51 185 1
51 186 1
51 188 1
51 189 1
51 190 1
51 191 1
51 192 1
51 194 1
51 195 1
51 198 1
52 53 1
52 56 1
52 57 1
52 62 1
52 67 1
52 72 1
52 77 1
52 78 1
52 79 1
52 80 1
52 82 1
52 84 1
52 85 1
52 86 1
52 90 1
52 91 1
52 93 1
52 96 1
52 98 1
52 101 1
52 104 1
52 107 1
52 109 1
52 111 1
52 113 1
52 114 1
52 115 1
52 117 1
52 119 1
52 121 1
52 122 1
52 125 1
52 126 1
52 129 1
52 130 1
52 131 1
52 135 1
52 140 1
52 142 1
52 146 1
52 147 1
52 148 1
52 149 1
52 150 1
52 151 1
52 154 1
52 156 1
52 157 1
52 158 1
52 161 1
52 163 1
52 164 1
52 172 1
52 174 1
52 184 1
52 188 1
52 191 1
52 193 1
52 196 1
52 197 1
52 198 1
52 199 1
53 59 1
53 60 1
53 61 1
53 62 1
53 64 1
53 65 1
53 66 1
53 67 1
53 68 1
53 69 1
53 71 1
53 74 1
53 76 1
53 77 1
53 81 1
53 82 1
53 83 1
53 84 1
53 86 1
53 91 1
53 92 1
53 93 1
53 95 1
53 99 1
53 100 1
53 104 1
53 109 1
53 110 1
53 111 1
53 112 1
53 115 1
53 117 1
53 118 1
53 119 1
53 120 1
53 122 1
53 123 1
53 129 1
53 131 1
53 133 1
53 134 1
53 135 1
53 138 1
53 141 1
53 142 1
53 143 1
53 145 1
53 146 1
53 149 1
53 154 1
53 156 1
53 157 1
53 158 1
53 163 1
53 164 1
53 165 1
53 166 1
53 167 1
53 169 1
53 170 1
53 172 1
53 178 1
53 179 1
53 182 1
53 184 1
53 186 1
53 188 1
53 191 1
53 195 1
53 197 1
53 198 1
54 59 1
54 60 1
54 62 1
54 65 1
54 68 1
54 69 1
54 74 1
54 75 1
54 77 1
54 79 1
54 80 1
54 82 1
54 86 1
54 89 1
54 92 1
54 94 1
54 97 1
54 99 1
54 100 1
54 101 1
54 103 1
54 106 1
54 109 1
54 111 1
54 112 1
54 113 1
54 114 1
54 117 1
54 119 1
54 121 1
54 122 1
54 123 1
54 125 1
54 126 1
54 130 1
54 131 1
54 132 1
54 133 1
54 134 1
54 136 1
54 137 1
54 138 1
54 139 1
54 141 1
54 144 1
54 150 1
54 151 1
54 153 1
54 156 1
54 157 1
54 158 1
54 160 1
54 161 1
54 162 1
54 166 1
54 169 1
54 171 1
54 172 1
54 176 1
54 177 1
54 178 1
54 183 1
54 184 1
54 186 1
54 187 1
54 188 1
54 190 1
54 191 1
54 192 1
54 193 1
54 194 1
54 196 1
54 200 1
55 56 1
55 62 1
55 63 1
55 64 1
55 66 1
55 67 1
55 68 1
55 69 1
55 70 1
55 71 1
55 77 1
55 78 1
55 79 1
55 80 1
55 81 1
55 83 1
55 85 1
55 88 1
55 89 1
55 91 1
55 92 1
55 93 1
55 95 1
55 99 1
55 100 1
55 103 1
55 105 1
55 106 1
55 108 1
55 109 1
55 111 1
55 113 1
55 114 1
55 116 1
55 118 1
55 119 1
55 128 1
55 131 1
55 136 1
55 137 1
55 138 1
55 140 1
55 141 1
55 142 1
55 143 1
55 144 1
55 145 1
55 146 1
55 149 1
55 150 1
55 153 1
55 154 1
55 155 1
55 157 1
55 158 1
55 159 1
55 160 1
55 161 1
55 162 1
55 163 1
55 166 1
55 167 1
55 171 1
55 172 1
55 175 1
55 176 1
55 177 1
55 179 1
55 180 1
55 182 1
55 183 1
55 186 1
55 187 1
55 192 1
55 194 1
55 195 1
55 196 1
55 198 1
55 199 1
55 200 1
56 57 1
56 59 1
56 60 1
56 61 1
56 62 1
56 64 1
56 66 1
56 67 1
56 69 1
56 70 1
56 71 1
56 73 1
56 74 1
56 75 1
56 77 1
56 80 1
56 81 1
56 84 1
56 86 1
56 89 1
56 90 1
56 91 1
56 92 1
56 93 1
56 94 1
56 95 1
56 97 1
56 98 1
56 99 1
56 100 1
56 102 1
56 103 1
56 104 1
56 105 1
56 108 1
56 112 1
56 113 1
56 114 1
56 119 1
56 126 1
56 127 1
56 128 1
56 129 1
56 130 1
56 132 1
56 134 1
56 136 1
56 139 1
56 140 1
56 141 1
56 143 1
56 144 1
56 148 1
56 149 1
56 150 1
56 152 1
56 154 1
56 155 1
56 157 1
56 159 1
56 160 1
56 161 1
56 162 1
56 164 1
56 169 1
56 170 1
56 172 1
56 175 1
56 176 1
56 177 1
56 179 1
56 180 1
56 181 1
56 187 1
56 188 1
56 190 1
56 192 1
56 193 1
56 194 1
56 197 1
56 199 1
56 200 1
57 58 1
57 59 1
57 60 1
57 62 1
57 66 1
57 67 1
57 68 1
57 69 1
57 72 1
57 74 1
57 75 1
57 76 1
57 78 1
57 83 1
57 85 1
57 86 1
57 88 1
57 89 1
57 91 1
57 93 1
57 94 1
57 97 1
57 99 1
57 102 1
57 105 1
57 106 1
57 109 1
57 111 1
57 112 1
57 113 1
57 117 1
57 118 1
57 119 1
57 122 1
57 123 1
57 124 1
57 127 1
57 129 1
57 130 1
57 135 1
57 136 1
57 138 1
57 141 1
57 142 1
57 143 1
57 146 1
57 147 1
57 151 1
57 153 1
57 156 1
57 157 1
57 159 1
57 160 1
57 161 1
57 162 1
57 163 1
57 170 1
57 172 1
57 173 1
57 174 1
57 176 1
57 178 1
57 180 1
57 182 1
57 184 1
57 185 1
57 191 1
57 192 1
57 193 1
57 195 1
57 198 1
57 199 1
57 200 1
58 60 1
58 61 1
58 62 1
58 64 1
58 67 1
58 68 1
58 69 1
58 70 1
58 75 1
58 76 1
58 77 1
58 79 1
58 81 1
58 82 1
58 83 1
58 85 1
58 86 1
58 88 1
58 89 1
58 90 1
58 91 1
58 92 1
58 93 1
58 95 1
58 96 1
58 101 1
58 105 1
58 113 1
58 114 1
58 119 1
58 120 1
58 121 1
58 125 1
58 127 1
58 128 1
58 129 1
58 130 1
58 132 1
58 140 1
58 142 1
58 143 1
58 144 1
58 147 1
58 151 1
58 153 1
58 155 1
58 156 1
58 157 1
58 164 1
58 168 1
58 169 1
58 170 1
58 171 1
58 172 1
58 173 1
58 174 1
58 175 1
58 176 1
58 177 1
58 178 1
58 181 1
58 184 1
58 186 1
58 187 1
58 188 1
58 189 1
58 192 1
58 193 1
58 198 1
59 61 1
59 63 1
59 65 1
59 68 1
59 71 1
59 73 1
59 74 1
59 76 1
59 77 1
59 78 1
59 79 1
59 81 1
59 82 1
59 84 1
59 86 1
59 87 1
59 92 1
59 95 1
59 96 1
59 99 1
59 100 1
59 106 1
59 107 1
59 110 1
59 112 1
59 114 1
59 117 1
59 118 1
59 119 1
59 125 1
59 126 1
59 127 1
59 130 1
59 131 1
59 132 1
59 134 1
59 135 1
59 137 1
59 138 1
59 140 1
59 141 1
59 142 1
59 144 1
59 145 1
59 146 1
59 147 1
59 150 1
59 151 1
59 154 1
59 155 1
59 156 1
59 157 1
59 158 1
59 159 1
59 166 1
59 169 1
59 170 1
59 174 1
59 175 1
59 176 1
59 178 1
59 180 1
59 187 1
59 190 1
59 191 1
59 193 1
59 194 1
59 196 1
59 197 1
59 199 1
60 64 1
60 70 1
60 73 1
60 74 1
60 76 1
60 77 1
60 78 1
60 80 1
60 82 1
60 83 1
60 85 1
60 86 1
60 92 1
60 93 1
60 94 1
60 99 1
60 100 1
60 101 1
60 102 1
60 103 1
60 111 1
60 116 1
60 117 1
60 119 1
60 120 1
60 121 1
60 125 1
60 126 1
60 128 1
60 129 1
60 132 1
60 133 1
60 136 1
60 140 1
60 141 1
60 142 1
60 146 1
60 148 1
60 150 1
60 152 1
60 156 1
60 157 1
60 160 1
60 161 1
60 162 1
60 164 1
60 165 1
60 166 1
60 169 1
60 170 1
60 172 1
60 173 1
60 178 1
60 183 1
60 184 1
60 185 1
60 186 1
60 187 1
60 188 1
60 193 1
60 195 1
60 196 1
60 197 1
61 62 1
61 63 1
61 67 1
61 69 1
61 70 1
61 71 1
61 73 1
61 77 1
61 78 1
61 80 1
61 84 1
61 85 1
61 86 1
61 87 1
61 88 1
61 90 1
61 91 1
61 92 1
61 93 1
61 94 1
61 95 1
61 96 1
61 97 1
61 98 1
61 99 1
61 100 1
61 102 1
61 103 1
61 106 1
61 108 1
61 109 1
61 114 1
61 119 1
61 121 1
61 123 1
61 124 1
61 125 1
61 131 1
61 132 1
61 135 1
61 136 1
61 140 1
61 141 1
61 142 1
61 148 1
61 150 1
61 152 1
61 154 1
61 159 1
61 160 1
61 161 1
61 163 1
61 164 1
61 169 1
61 170 1
61 171 1
61 179 1
61 180 1
61 181 1
61 184 1
61 186 1
61 189 1
61 192 1
61 194 1
61 197 1
61 198 1
61 199 1
62 63 1
62 64 1
62 68 1
62 70 1
62 71 1
62 74 1
62 76 1
62 78 1
62 79 1
62 81 1
62 87 1
62 89 1
62 92 1
62 93 1
62 94 1
62 95 1
62 96 1
62 97 1
62 98 1
62 99 1
62 100 1
62 101 1
62 104 1
62 106 1
62 107 1
62 109 1
62 114 1
62 116 1
62 117 1
62 118 1
62 123 1
62 126 1
62 127 1
62 131 1
62 132 1
62 135 1
62 136 1
62 137 1
62 139 1
62 141 1
62 142 1
62 144 1
62 145 1
62 147 1
62 149 1
62 150 1
62 151 1
62 153 1
62 154 1
62 156 1
62 161 1
62 163 1
62 164 1
62 166 1
62 168 1
62 171 1
62 174 1
62 175 1
62 176 1
62 177 1
62 178 1
62 181 1
62 183 1
62 184 1
62 187 1
62 190 1
62 191 1
62 192 1
62 193 1
62 194 1
62 196 1
62 197 1
62 200 1
63 66 1
63 67 1
63 68 1
63 70 1
63 71 1
63 72 1
63 76 1
63 77 1
63 78 1
63 79 1
63 81 1
63 82 1
63 83 1
63 84 1
63 85 1
63 86 1
63 87 1
63 90 1
63 91 1
63 92 1
63 93 1
63 96 1
63 97 1
63 98 1
63 99 1
63 101 1
63 105 1
63 106 1
63 107 1
63 108 1
63 109 1
63 112 1
63 113 1
63 114 1
63 117 1
63 118 1
63 119 1
63 120 1
63 121 1
63 123 1
63 124 1
63 126 1
63 127 1
63 128 1
63 133 1
63 134 1
63 135 1
63 136 1
63 137 1
63 140 1
63 148 1
63 150 1
63 152 1
63 156 1
63 157 1
63 158 1
63 159 1
63 162 1
63 165 1
63 167 1
63 168 1
63 169 1
63 174 1
63 175 1
63 178 1
63 180 1
63 182 1
63 184 1
63 186 1
63 189 1
63 190 1
63 191 1
63 192 1
63 193 1
63 196 1
63 200 1
64 72 1
64 73 1
64 75 1
64 76 1
64 77 1
64 78 1
64 79 1
64 81 1
64 82 1
64 83 1
64 86 1
64 87 1
64 88 1
64 89 1
64 90 1
64 93 1
64 94 1
64 97 1
64 99 1
64 102 1
64 105 1
64 106 1
64 109 1
64 110 1
64 111 1
64 112 1
64 113 1
64 116 1
64 118 1
64 121 1
64 123 1
64 124 1
64 127 1
64 129 1
64 130 1
64 132 1
64 133 1
64 135 1
64 138 1
64 140 1
64 144 1
64 146 1
64 148 1
64 152 1
64 154 1
64 155 1
64 159 1
64 160 1
64 163 1
64 165 1
64 166 1
64 167 1
64 168 1
64 169 1
64 171 1
64 176 1
64 177 1
64 178 1
64 182 1
64 184 1
64 189 1
64 194 1
64 198 1
64 199 1
65 66 1
65 69 1
65 70 1
65 72 1
65 76 1
65 77 1
65 78 1
65 79 1
65 80 1
65 82 1
65 84 1
65 85 1
65 87 1
65 88 1
65 93 1
65 96 1
65 97 1
65 98 1
65 100 1
65 101 1
65 103 1
65 105 1
65 107 1
65 110 1
65 114 1
65 118 1
65 119 1
65 120 1
65 122 1
65 123 1
65 124 1
65 125 1
65 127 1
65 128 1
65 131 1
65 132 1
65 133 1
65 137 1
65 140 1
65 142 1
65 143 1
65 145 1
65 146 1
65 147 1
65 148 1
65 153 1
65 156 1
65 157 1
65 158 1
65 159 1
65 162 1
65 163 1
65 164 1
65 166 1
65 167 1
65 168 1
65 171 1
65 173 1
65 174 1
65 177 1
65 179 1
65 180 1
65 186 1
65 187 1
65 191 1
65 195 1
65 197 1
65 199 1
65 200 1
66 67 1
66 69 1
66 71 1
66 72 1
66 73 1
66 74 1
66 75 1
66 76 1
66 77 1
66 82 1
66 86 1
66 87 1
66 88 1
66 89 1
66 90 1
66 93 1
66 96 1
66 97 1
66 99 1
66 100 1
66 101 1
66 103 1
66 104 1
66 105 1
66 106 1
66 108 1
66 112 1
66 116 1
66 117 1
66 118 1
66 120 1
66 121 1
66 122 1
66 123 1
66 125 1
66 127 1
66 128 1
66 129 1
66 131 1
66 135 1
66 140 1
66 141 1
66 143 1
66 145 1
66 146 1
66 147 1
66 150 1
66 154 1
66 155 1
66 157 1
66 159 1
66 160 1
66 162 1
66 163 1
66 164 1
66 165 1
66 166 1
66 168 1
66 169 1
66 171 1
66 176 1
66 179 1
66 182 1
66 184 1
66 185 1
66 187 1
66 189 1
66 192 1
66 194 1
66 198 1
66 199 1
67 68 1
67 70 1
67 71 1
67 72 1
67 73 1
67 74 1
67 75 1
67 76 1
67 77 1
67 79 1
67 82 1
67 85 1
67 87 1
67 89 1
67 90 1
67 91 1
67 92 1
67 93 1
67 94 1
67 96 1
67 97 1
67 99 1
67 102 1
67 103 1
67 107 1
67 110 1
67 112 1
67 113 1
67 116 1
67 117 1
67 121 1
67 122 1
67 123 1
67 124 1
67 125 1
67 126 1
67 128 1
67 129 1
67 131 1
67 133 1
67 141 1
67 145 1
67 146 1
67 150 1
67 151 1
67 152 1
67 153 1
67 155 1
67 157 1
67 158 1
67 159 1
67 163 1
67 167 1
67 168 1
67 171 1
67 175 1
67 179 1
67 180 1
67 181 1
67 182 1
67 183 1
67 184 1
67 190 1
67 191 1
67 192 1
67 196 1
67 198 1
68 69 1
68 70 1
68 72 1
68 75 1
68 79 1
68 80 1
68 82 1
68 83 1
68 87 1
68 88 1
68 89 1
68 90 1
68 91 1
68 93 1
68 94 1
68 95 1
68 96 1
68 98 1
68 99 1
68 102 1
68 104 1
68 106 1
68 107 1
68 108 1
68 109 1
68 110 1
68 111 1
68 113 1
68 114 1
68 120 1
68 121 1
68 126 1
68 127 1
68 130 1
68 134 1
68 137 1
68 140 1
68 141 1
68 142 1
68 144 1
68 146 1
68 147 1
68 148 1
68 149 1
68 150 1
68 155 1
68 156 1
68 157 1
68 160 1
68 162 1
68 163 1
68 167 1
68 168 1
68 169 1
68 170 1
68 171 1
68 172 1
68 175 1
68 181 1
68 182 1
68 183 1
68 184 1
68 186 1
68 187 1
68 189 1
68 190 1
68 191 1
68 192 1
68 193 1
68 196 1
69 70 1
69 73 1
69 74 1
69 76 1
69 77 1
69 79 1
69 80 1
69 81 1
69 83 1
69 84 1
69 88 1
69 89 1
69 90 1
69 93 1
69 95 1
69 96 1
69 97 1
69 99 1
69 100 1
69 101 1
69 104 1
69 109 1
69 110 1
69 113 1
69 115 1
69 116 1
69 118 1
69 119 1
69 120 1
69 124 1
69 125 1
69 132 1
69 134 1
69 136 1
69 138 1
69 142 1
69 145 1
69 146 1
69 147 1
69 148 1
69 149 1
69 150 1
69 152 1
69 154 1
69 155 1
69 161 1
69 162 1
69 165 1
69 166 1
69 167 1
69 170 1
69 171 1
69 172 1
69 173 1
69 174 1
69 175 1
69 178 1
69 181 1
69 182 1
69 185 1
69 186 1
69 187 1
69 188 1
69 189 1
69 191 1
69 192 1
69 193 1
69 197 1
70 74 1
70 77 1
70 78 1
70 79 1
70 80 1
70 81 1
70 82 1
70 83 1
70 86 1
70 90 1
70 94 1
70 96 1
70 97 1
70 99 1
70 100 1
70 104 1
70 105 1
70 110 1
70 112 1
70 113 1
70 114 1
70 115 1
70 117 1
70 118 1
70 119 1
70 120 1
70 121 1
70 122 1
70 124 1
70 125 1
70 126 1
70 130 1
70 131 1
70 133 1
70 140 1
70 141 1
70 142 1
70 143 1
70 145 1
70 146 1
70 147 1
70 149 1
70 152 1
70 154 1
70 157 1
70 158 1
70 161 1
70 163 1
70 164 1
70 165 1
70 166 1
70 167 1
70 174 1
70 175 1
70 180 1
70 182 1
70 184 1
70 193 1
70 194 1
70 195 1
70 196 1
70 197 1
70 198 1
71 72 1
71 73 1
71 74 1
71 79 1
71 80 1
71 82 1
71 83 1
71 85 1
71 86 1
71 88 1
71 90 1
71 92 1
71 93 1
71 95 1
71 98 1
71 101 1
71 102 1
71 103 1
71 105 1
71 106 1
71 108 1
71 111 1
71 115 1
71 119 1
71 120 1
71 121 1
71 122 1
71 126 1
71 127 1
71 129 1
71 131 1
71 132 1
71 134 1
71 135 1
71 137 1
71 141 1
71 144 1
71 145 1
71 146 1
71 147 1
71 149 1
71 151 1
71 152 1
71 157 1
71 158 1
71 159 1
71 165 1
71 166 1
71 167 1
71 168 1
71 172 1
71 173 1
71 174 1
71 177 1
71 178 1
71 180 1
71 182 1
71 183 1
71 184 1
71 185 1
71 186 1
71 188 1
71 189 1
71 190 1
71 191 1
71 193 1
71 196 1
71 200 1
72 73 1
72 75 1
72 76 1
72 78 1
72 81 1
72 82 1
72 84 1
72 85 1
72 87 1
72 88 1
72 89 1
72 90 1
72 92 1
72 93 1
72 94 1
72 96 1
72 100 1
72 103 1
72 104 1
72 105 1
72 107 1
72 109 1
72 112 1
72 113 1
72 114 1
72 117 1
72 118 1
72 120 1
72 127 1
72 132 1
72 135 1
72 136 1
72 142 1
72 143 1
72 146 1
72 147 1
72 150 1
72 151 1
72 153 1
72 154 1
72 155 1
72 157 1
72 161 1
72 162 1
72 163 1
72 165 1
72 166 1
72 167 1
72 171 1
72 176 1
72 178 1
72 181 1
72 183 1
72 187 1
72 188 1
72 189 1
72 190 1
72 191 1
72 197 1
72 199 1
73 77 1
73 78 1
73 80 1
73 84 1
73 85 1
73 87 1
73 90 1
73 91 1
73 96 1
73 98 1
73 99 1
73 107 1
73 108 1
73 109 1
73 110 1
73 113 1
73 115 1
73 118 1
73 121 1
73 124 1
73 127 1
73 131 1
73 136 1
73 137 1
73 139 1
73 142 1
73 143 1
73 144 1
73 147 1
73 148 1
73 149 1
73 150 1
73 151 1
73 152 1
73 156 1
73 158 1
73 165 1
73 166 1
73 168 1
73 169 1
73 170 1
73 176 1
73 177 1
73 180 1
73 181 1
73 184 1
73 186 1
73 187 1
73 193 1
73 198 1
73 199 1
74 75 1
74 76 1
74 77 1
74 79 1
74 80 1
74 81 1
74 83 1
74 84 1
74 86 1
74 88 1
74 90 1
74 92 1
74 93 1
74 94 1
74 99 1
74 100 1
74 101 1
74 103 1
74 105 1
74 109 1
74 111 1
74 112 1
74 115 1
74 116 1
74 118 1
74 120 1
74 122 1
74 124 1
74 126 1
74 130 1
74 133 1
74 134 1
74 136 1
74 138 1
74 142 1
74 145 1
74 146 1
74 151 1
74 152 1
74 155 1
74 156 1
74 158 1
74 160 1
74 163 1
74 164 1
74 167 1
74 168 1
74 173 1
74 174 1
74 177 1
74 179 1
74 180 1
74 181 1
74 182 1
74 186 1
74 188 1
74 189 1
74 191 1
74 192 1
74 193 1
74 194 1
74 196 1
75 76 1
75 77 1
75 78 1
75 80 1
75 83 1
75 85 1
75 89 1
75 91 1
75 92 1
75 93 1
75 94 1
75 96 1
75 101 1
75 103 1
75 104 1
75 105 1
75 107 1
75 108 1
75 109 1
75 115 1
75 119 1
75 120 1
75 122 1
75 124 1
75 126 1
75 127 1
75 130 1
75 132 1
75 133 1
75 140 1
75 144 1
75 147 1
75 148 1
75 150 1
75 151 1
75 152 1
75 153 1
75 154 1
75 158 1
75 159 1
75 161 1
75 163 1
75 164 1
75 167 1
75 169 1
75 170 1
75 171 1
75 177 1
75 178 1
75 179 1
75 182 1
75 184 1
75 186 1
75 188 1
75 189 1
75 191 1
75 192 1
75 193 1
75 194 1
75 195 1
75 196 1
76 79 1
76 80 1
76 81 1
76 82 1
76 84 1
76 85 1
76 88 1
76 91 1
76 93 1
76 94 1
76 98 1
76 99 1
76 101 1
76 104 1
76 106 1
76 108 1
76 110 1
76 114 1
76 115 1
76 117 1
76 119 1
76 120 1
76 121 1
76 123 1
76 125 1
76 126 1
76 127 1
76 128 1
76 129 1
76 130 1
76 131 1
76 134 1
76 136 1
76 142 1
76 148 1
76 150 1
76 152 1
76 155 1
76 156 1
76 161 1
76 168 1
76 170 1
76 171 1
76 172 1
76 178 1
76 179 1
76 182 1
76 183 1
76 185 1
76 188 1
76 189 1
76 192 1
76 196 1
76 198 1
76 200 1
77 79 1
77 84 1
77 88 1
77 90 1
77 91 1
77 92 1
77 93 1
77 96 1
77 98 1
77 101 1
77 105 1
77 108 1
77 110 1
77 111 1
77 115 1
77 116 1
77 117 1
77 118 1
77 120 1
77 122 1
77 123 1
77 124 1
77 126 1
77 127 1
77 129 1
77 130 1
77 132 1
77 133 1
77 137 1
77 138 1
77 139 1
77 140 1
77 146 1
77 148 1
77 150 1
77 152 1
77 153 1
77 154 1
77 156 1
77 158 1
77 159 1
77 161 1
77 162 1
77 163 1
77 166 1
77 167 1
77 168 1
77 169 1
77 171 1
77 172 1
77 173 1
77 175 1
77 176 1
77 178 1
77 179 1
77 183 1
77 185 1
77 186 1
77 188 1
77 190 1
77 191 1
77 194 1
77 197 1
78 80 1
78 83 1
78 84 1
78 86 1
78 87 1
78 88 1
78 93 1
78 94 1
78 95 1
78 96 1
78 99 1
78 100 1
78 101 1
78 102 1
78 104 1
78 105 1
78 106 1
78 108 1
78 110 1
78 112 1
78 114 1
78 115 1
78 117 1
78 118 1
78 119 1
78 120 1
78 125 1
78 126 1
78 128 1
78 129 1
78 130 1
78 131 1
78 134 1
78 135 1
78 137 1
78 139 1
78 141 1
78 142 1
78 143 1
78 144 1
78 145 1
78 146 1
78 149 1
78 150 1
78 151 1
78 153 1
78 154 1
78 157 1
78 159 1
78 160 1
78 161 1
78 162 1
78 170 1
78 175 1
78 176 1
78 177 1
78 180 1
78 181 1
78 184 1
78 185 1
78 188 1
78 193 1
78 194 1
78 195 1
78 200 1
79 80 1
79 81 1
79 82 1
79 85 1
79 86 1
79 87 1
79 88 1
79 89 1
79 92 1
79 93 1
79 94 1
79 97 1
79 98 1
79 101 1
79 102 1
79 103 1
79 105 1
79 109 1
79 111 1
79 112 1
79 115 1
79 116 1
79 118 1
79 121 1
79 124 1
79 128 1
79 130 1
79 132 1
79 134 1
79 136 1
79 141 1
79 142 1
79 146 1
79 147 1
79 148 1
79 150 1
79 153 1
79 154 1
79 157 1
79 158 1
79 160 1
79 161 1
79 162 1
79 163 1
79 165 1
79 166 1
79 167 1
79 171 1
79 175 1
79 176 1
79 177 1
79 178 1
79 179 1
79 182 1
79 183 1
79 185 1
79 192 1
79 194 1
79 196 1
79 197 1
79 200 1
80 81 1
80 82 1
80 83 1
80 84 1
80 85 1
80 86 1
80 87 1
80 88 1
80 89 1
80 91 1
80 92 1
80 94 1
80 98 1
80 99 1
80 104 1
80 105 1
80 106 1
80 107 1
80 111 1
80 113 1
80 115 1
80 117 1
80 118 1
80 120 1
80 127 1
80 129 1
80 130 1
80 131 1
80 134 1
80 136 1
80 137 1
80 142 1
80 143 1
80 144 1
80 145 1
80 150 1
80 153 1
80 154 1
80 157 1
80 161 1
80 166 1
80 170 1
80 171 1
80 173 1
80 177 1
80 178 1
80 179 1
80 180 1
80 182 1
80 185 1
80 188 1
80 190 1
80 192 1
80 198 1
80 199 1
81 84 1
81 89 1
81 91 1
81 92 1
81 94 1
81 95 1
81 98 1
81 99 1
81 100 1
81 102 1
81 104 1
81 106 1
81 108 1
81 111 1
81 112 1
81 114 1
81 115 1
81 116 1
81 118 1
81 120 1
81 121 1
81 124 1
81 125 1
81 126 1
81 127 1
81 128 1
81 130 1
81 131 1
81 134 1
81 136 1
81 137 1
81 138 1
81 140 1
81 141 1
81 145 1
81 147 1
81 150 1
81 151 1
81 152 1
81 156 1
81 157 1
81 158 1
81 163 1
81 167 1
81 168 1
81 172 1
81 175 1
81 176 1
81 177 1
81 179 1
81 182 1
81 184 1
81 185 1
81 186 1
81 187 1
81 190 1
81 192 1
81 193 1
81 197 1
81 199 1
82 87 1
82 88 1
82 91 1
82 92 1
82 96 1
82 103 1
82 106 1
82 107 1
82 108 1
82 109 1
82 111 1
82 113 1
82 115 1
82 117 1
82 119 1
82 122 1
82 123 1
82 124 1
82 127 1
82 128 1
82 131 1
82 132 1
82 133 1
82 139 1
82 140 1
82 145 1
82 146 1
82 147 1
82 149 1
82 151 1
82 154 1
82 155 1
82 158 1
82 160 1
82 162 1
82 163 1
82 167 1
82 169 1
82 170 1
82 175 1
82 180 1
82 183 1
82 186 1
82 187 1
82 188 1
82 190 1
82 191 1
82 192 1
82 195 1
82 197 1
83 84 1
83 85 1
83 86 1
83 92 1
83 93 1
83 95 1
83 102 1
83 104 1
83 106 1
83 108 1
83 109 1
83 111 1
83 112 1
83 113 1
83 118 1
83 120 1
83 121 1
83 122 1
83 125 1
83 127 1
83 129 1
83 131 1
83 133 1
83 135 1
83 137 1
83 139 1
83 140 1
83 144 1
83 149 1
83 150 1
83 153 1
83 155 1
83 157 1
83 164 1
83 165 1
83 167 1
83 168 1
83 169 1
83 170 1
83 171 1
83 172 1
83 173 1
83 176 1
83 177 1
83 181 1
83 182 1
83 186 1
83 188 1
83 189 1
83 190 1
83 192 1
83 193 1
83 194 1
83 196 1
83 199 1
83 200 1
84 85 1
84 87 1
84 88 1
84 89 1
84 90 1
84 92 1
84 93 1
84 95 1
84 96 1
84 101 1
84 102 1
84 103 1
84 107 1
84 114 1
84 115 1
84 116 1
84 117 1
84 118 1
84 121 1
84 123 1
84 124 1
84 125 1
84 127 1
84 128 1
84 130 1
84 131 1
84 133 1
84 134 1
84 135 1
84 139 1
84 140 1
84 141 1
84 143 1
84 147 1
84 148 1
84 149 1
84 152 1
84 153 1
84 155 1
84 157 1
84 161 1
84 162 1
84 164 1
84 165 1
84 168 1
84 175 1
84 177 1
84 182 1
84 186 1
84 187 1
84 188 1
84 189 1
84 190 1
84 192 1
85 87 1
85 88 1
85 89 1
85 90 1
85 91 1
85 92 1
85 93 1
85 97 1
85 98 1
85 100 1
85 101 1
85 103 1
85 106 1
85 108 1
85 109 1
85 110 1
85 112 1
85 113 1
85 114 1
85 116 1
85 117 1
85 118 1
85 120 1
85 122 1
85 128 1
85 129 1
85 130 1
85 133 1
85 134 1
85 135 1
85 137 1
85 138 1
85 139 1
85 140 1
85 141 1
85 142 1
85 146 1
85 147 1
85 148 1
85 150 1
85 154 1
85 155 1
85 156 1
85 157 1
85 159 1
85 160 1
85 162 1
85 172 1
85 175 1
85 176 1
85 178 1
85 179 1
85 180 1
85 181 1
85 183 1
85 185 1
85 186 1
85 187 1
85 188 1
85 193 1
85 195 1
85 196 1
85 198 1
86 89 1
86 100 1
86 101 1
86 106 1
86 107 1
86 108 1
86 110 1
86 112 1
86 115 1
86 117 1
86 118 1
86 119 1
86 121 1
86 123 1
86 124 1
86 125 1
86 127 1
86 128 1
86 129 1
86 130 1
86 133 1
86 134 1
86 138 1
86 140 1
86 142 1
86 144 1
86 145 1
86 146 1
86 147 1
86 148 1
86 149 1
86 151 1
86 156 1
86 157 1
86 158 1
86 159 1
86 160 1
86 163 1
86 166 1
86 168 1
86 170 1
86 172 1
86 173 1
86 175 1
86 177 1
86 178 1
86 179 1
86 181 1
86 184 1
86 186 1
86 188 1
86 192 1
86 194 1
86 196 1
86 197 1
86 198 1
86 199 1
87 88 1
87 89 1
87 91 1
87 92 1
87 95 1
87 97 1
87 98 1
87 99 1
87 101 1
87 102 1
87 104 1
87 105 1
87 107 1
87 108 1
87 113 1
87 114 1
87 115 1
87 118 1
87 119 1
87 120 1
87 121 1
87 123 1
87 124 1
87 125 1
87 126 1
87 127 1
87 128 1
87 129 1
87 133 1
87 137 1
87 139 1
87 142 1
87 144 1
87 148 1
87 153 1
87 156 1
87 157 1
87 158 1
87 160 1
87 161 1
87 163 1
87 166 1
87 167 1
87 168 1
87 171 1
87 177 1
87 178 1
87 179 1
87 180 1
87 181 1
87 182 1
87 183 1
87 185 1
87 188 1
87 191 1
87 196 1
87 197 1
88 92 1
88 93 1
88 94 1
88 97 1
88 99 1
88 101 1
88 102 1
88 103 1
88 104 1
88 106 1
88 107 1
88 108 1
88 110 1
88 111 1
88 117 1
88 118 1
88 119 1
88 123 1
88 126 1
88 128 1
88 129 1
88 130 1
88 133 1
88 134 1
88 136 1
88 138 1
88 146 1
88 147 1
88 149 1
88 150 1
88 153 1
88 155 1
88 157 1
88 159 1
88 160 1
88 162 1
88 163 1
88 165 1
88 167 1
88 168 1
88 170 1
88 171 1
88 172 1
88 173 1
88 176 1
88 178 1
88 182 1
88 183 1
88 185 1
88 186 1
88 187 1
88 188 1
88 191 1
88 196 1
88 197 1
88 200 1
89 90 1
89 94 1
89 97 1
89 102 1
89 103 1
89 104 1
89 106 1
89 109 1
89 110 1
89 111 1
89 114 1
89 115 1
89 116 1
89 119 1
89 120 1
89 123 1
89 126 1
89 130 1
89 131 1
89 132 1
89 133 1
89 134 1
89 135 1
89 136 1
89 137 1
89 140 1
89 142 1
89 143 1
89 146 1
89 148 1
89 160 1
89 161 1
89 165 1
89 166 1
89 167 1
89 169 1
89 170 1
89 173 1
89 175 1
89 177 1
89 178 1
89 179 1
89 181 1
89 184 1
89 185 1
89 187 1
89 188 1
89 189 1
89 190 1
89 194 1
90 94 1
90 97 1
90 99 1
90 100 1
90 101 1
90 104 1
90 107 1
90 108 1
90 109 1
90 110 1
90 112 1
90 114 1
90 115 1
90 117 1
90 118 1
90 119 1
90 120 1
90 121 1
90 123 1
90 124 1
90 128 1
90 129 1
90 130 1
90 132 1
90 133 1
90 134 1
90 136 1
90 137 1
90 141 1
90 142 1
90 143 1
90 144 1
90 146 1
90 148 1
90 151 1
90 153 1
90 154 1
90 155 1
90 159 1
90 160 1
90 161 1
90 162 1
90 163 1
90 164 1
90 165 1
90 166 1
90 167 1
90 168 1
90 169 1
90 170 1
90 172 1
90 173 1
90 174 1
90 177 1
90 179 1
90 180 1
90 182 1
90 183 1
90 189 1
90 190 1
90 193 1
90 194 1
90 195 1
90 200 1
91 93 1
91 96 1
91 97 1
91 98 1
91 100 1
91 102 1
91 105 1
91 106 1
91 108 1
91 109 1
91 111 1
91 112 1
91 113 1
91 114 1
91 116 1
91 117 1
91 120 1
91 122 1
91 125 1
91 126 1
91 128 1
91 130 1
91 131 1
91 133 1
91 135 1
91 136 1
91 138 1
91 140 1
91 141 1
91 142 1
91 144 1
91 146 1
91 147 1
91 149 1
91 150 1
91 155 1
91 156 1
91 157 1
91 159 1
91 160 1
91 161 1
91 162 1
91 163 1
91 164 1
91 167 1
91 168 1
91 169 1
91 173 1
91 175 1
91 179 1
91 181 1
91 182 1
91 184 1
91 185 1
91 186 1
91 187 1
91 190 1
91 192 1
91 195 1
91 196 1
91 199 1
92 93 1
92 97 1
92 98 1
92 99 1
92 100 1
92 102 1
92 103 1
92 106 1
92 107 1
92 113 1
92 119 1
92 120 1
92 121 1
92 123 1
92 124 1
92 125 1
92 126 1
92 131 1
92 135 1
92 136 1
92 142 1
92 143 1
92 144 1
92 148 1
92 149 1
92 150 1
92 153 1
92 159 1
92 163 1
92 164 1
92 165 1
92 167 1
92 169 1
92 170 1
92 173 1
92 174 1
92 175 1
92 176 1
92 178 1
92 179 1
92 180 1
92 182 1
92 183 1
92 184 1
92 186 1
92 187 1
92 188 1
92 190 1
92 191 1
92 192 1
92 197 1
92 200 1
93 98 1
93 99 1
93 100 1
93 102 1
93 103 1
93 106 1
93 108 1
93 109 1
93 110 1
93 111 1
93 113 1
93 114 1
93 115 1
93 116 1
93 118 1
93 119 1
93 120 1
93 121 1
93 127 1
93 128 1
93 131 1
93 134 1
93 138 1
93 140 1
93 141 1
93 146 1
93 147 1
93 149 1
93 154 1
93 155 1
93 156 1
93 158 1
93 159 1
93 162 1
93 165 1
93 166 1
93 167 1
93 168 1
93 169 1
93 172 1
93 173 1
93 175 1
93 177 1
93 179 1
93 185 1
93 186 1
93 189 1
93 191 1
93 192 1
93 193 1
93 194 1
93 196 1
93 197 1
93 199 1
94 95 1
94 96 1
94 99 1
94 100 1
94 101 1
94 102 1
94 104 1
94 105 1
94 110 1
94 111 1
94 112 1
94 113 1
94 114 1
94 115 1
94 117 1
94 118 1
94 120 1
94 121 1
94 122 1
94 124 1
94 133 1
94 135 1
94 139 1
94 141 1
94 142 1
94 143 1
94 144 1
94 145 1
94 147 1
94 150 1
94 154 1
94 155 1
94 156 1
94 157 1
94 159 1
94 160 1
94 162 1
94 165 1
94 166 1
94 167 1
94 170 1
94 171 1
94 172 1
94 175 1
94 178 1
94 179 1
94 181 1
94 182 1
94 183 1
94 184 1
94 185 1
94 188 1
94 189 1
94 191 1
94 192 1
94 193 1
94 194 1
94 196 1
94 197 1
94 198 1
94 200 1
95 96 1
95 97 1
95 98 1
95 100 1
95 102 1
95 107 1
95 108 1
95 109 1
95 112 1
95 114 1
95 115 1
95 117 1
95 119 1
95 120 1
95 122 1
95 123 1
95 126 1
95 127 1
95 129 1
95 130 1
95 133 1
95 134 1
95 137 1
95 139 1
95 143 1
95 144 1
95 147 1
95 151 1
95 152 1
95 153 1
95 157 1
95 159 1
95 160 1
95 163 1
95 164 1
95 165 1
95 166 1
95 168 1
95 169 1
95 170 1
95 171 1
95 172 1
95 174 1
95 176 1
95 177 1
95 178 1
95 180 1
95 181 1
95 182 1
95 186 1
95 189 1
95 190 1
95 191 1
95 192 1
95 195 1
95 198 1
95 199 1
95 200 1
96 97 1
96 98 1
96 100 1
96 101 1
96 103 1
96 104 1
96 106 1
96 110 1
96 111 1
96 112 1
96 113 1
96 116 1
96 117 1
96 119 1
96 123 1
96 125 1
96 130 1
96 131 1
96 133 1
96 136 1
96 137 1
96 139 1
96 141 1
96 142 1
96 143 1
96 144 1
96 146 1
96 147 1
96 148 1
96 149 1
96 151 1
96 152 1
96 153 1
96 156 1
96 160 1
96 162 1
96 163 1
96 164 1
96 165 1
96 169 1
96 170 1
96 172 1
96 175 1
96 176 1
96 177 1
96 180 1
96 182 1
96 185 1
96 186 1
96 187 1
96 190 1
96 192 1
96 193 1
96 195 1
96 196 1
96 197 1
96 199 1
97 98 1
97 101 1
97 102 1
97 105 1
97 106 1
97 107 1
97 109 1
97 111 1
97 117 1
97 118 1
97 119 1
97 121 1
97 124 1
97 125 1
97 127 1
97 131 1
97 132 1
97 136 1
97 138 1
97 140 1
97 141 1
97 148 1
97 149 1
97 152 1
97 155 1
97 157 1
97 159 1
97 161 1
97 169 1
97 170 1
97 171 1
97 173 1
97 174 1
97 177 1
97 178 1
97 180 1
97 181 1
97 182 1
97 183 1
97 184 1
97 188 1
97 189 1
97 190 1
97 191 1
97 192 1
97 193 1
97 194 1
97 196 1
97 197 1
97 199 1
98 100 1
98 101 1
98 105 1
98 106 1
98 109 1
98 111 1
98 113 1
98 114 1
98 117 1
98 118 1
98 120 1
98 121 1
98 123 1
98 126 1
98 128 1
98 129 1
98 133 1
98 136 1
98 140 1
98 144 1
98 145 1
98 146 1
98 148 1
98 149 1
98 151 1
98 152 1
98 156 1
98 159 1
98 161 1
98 163 1
98 166 1
98 167 1
98 169 1
98 172 1
98 173 1
98 174 1
98 176 1
98 177 1
98 180 1
98 184 1
98 185 1
98 187 1
98 188 1
98 192 1
98 193 1
98 194 1
98 196 1
98 197 1
98 198 1
98 199 1
98 200 1
99 102 1
99 103 1
99 104 1
99 106 1
99 108 1
99 111 1
99 115 1
99 116 1
99 117 1
99 118 1
99 120 1
99 124 1
99 125 1
99 132 1
99 134 1
99 139 1
99 142 1
99 143 1
99 147 1
99 148 1
99 149 1
99 150 1
99 151 1
99 158 1
99 159 1
99 160 1
99 162 1
99 164 1
99 166 1
99 169 1
99 174 1
99 177 1
99 178 1
99 179 1
99 180 1
99 181 1
99 184 1
99 185 1
99 187 1
99 188 1
99 189 1
99 191 1
99 192 1
99 194 1
99 195 1
99 196 1
99 200 1
100 101 1
100 102 1
100 103 1
100 104 1
100 105 1
100 107 1
100 110 1
100 111 1
100 114 1
100 116 1
100 120 1
100 121 1
100 122 1
100 123 1
100 124 1
100 125 1
100 128 1
100 130 1
100 131 1
100 132 1
100 133 1
100 139 1
100 143 1
100 145 1
100 149 1
100 150 1
100 151 1
100 155 1
100 156 1
100 157 1
100 160 1
100 162 1
100 164 1
100 165 1
100 167 1
100 169 1
100 170 1
100 171 1
100 172 1
100 181 1
100 182 1
100 183 1
100 184 1
100 186 1
100 187 1
100 190 1
100 196 1
100 197 1
100 199 1
100 200 1
101 103 1
101 105 1
101 106 1
101 107 1
101 108 1
101 109 1
101 110 1
101 112 1
101 114 1
101 116 1
101 119 1
101 121 1
101 123 1
101 124 1
101 125 1
101 126 1
101 127 1
101 128 1
101 129 1
101 132 1
101 133 1
101 135 1
101 139 1
101 140 1
101 141 1
101 142 1
101 143 1
101 144 1
101 148 1
101 153 1
101 154 1
101 155 1
101 156 1
101 159 1
101 162 1
101 164 1
101 168 1
101 173 1
101 174 1
101 176 1
101 177 1
101 180 1
101 181 1
101 183 1
101 185 1
101 187 1
101 192 1
101 193 1
101 195 1
101 197 1
101 199 1
101 200 1
102 103 1
102 104 1
102 105 1
102 106 1
102 108 1
102 109 1
102 110 1
102 117 1
102 118 1
102 123 1
102 124 1
102 125 1
102 126 1
102 130 1
102 132 1
102 135 1
102 136 1
102 140 1
102 142 1
102 144 1
102 145 1
102 146 1
102 147 1
102 152 1
102 153 1
102 155 1
102 158 1
102 160 1
102 161 1
102 163 1
102 165 1
102 170 1
102 172 1
102 173 1
102 174 1
102 176 1
102 181 1
102 182 1
102 184 1
102 186 1
102 187 1
102 188 1
102 189 1
102 190 1
102 196 1
102 197 1
103 104 1
103 106 1
103 114 1
103 118 1
103 119 1
103 120 1
103 121 1
103 123 1
103 124 1
103 125 1
103 126 1
103 128 1
103 129 1
103 130 1
103 131 1
103 132 1
103 133 1
103 134 1
103 135 1
103 136 1
103 137 1
103 139 1
103 140 1
103 141 1
103 142 1
103 143 1
103 144 1
103 145 1
103 147 1
103 148 1
103 149 1
103 151 1
103 152 1
103 153 1
103 155 1
103 157 1
103 160 1
103 161 1
103 162 1
103 164 1
103 165 1
103 168 1
103 170 1
103 176 1
103 178 1
103 179 1
103 180 1
103 184 1
103 186 1
103 188 1
103 189 1
103 190 1
103 191 1
103 195 1
103 196 1
103 198 1
103 200 1
104 106 1
104 109 1
104 110 1
104 111 1
104 112 1
104 113 1
104 114 1
104 116 1
104 118 1
104 119 1
104 121 1
104 125 1
104 128 1
104 129 1
104 130 1
104 134 1
104 135 1
104 136 1
104 137 1
104 138 1
104 139 1
104 141 1
104 143 1
104 147 1
104 149 1
104 150 1
104 151 1
104 152 1
104 158 1
104 162 1
104 164 1
104 165 1
104 166 1
104 168 1
104 169 1
104 172 1
104 173 1
104 174 1
104 176 1
104 179 1
104 181 1
104 183 1
104 184 1
104 187 1
104 193 1
104 194 1
104 196 1
105 106 1
105 108 1
105 109 1
105 111 1
105 113 1
105 114 1
105 116 1
105 117 1
105 123 1
105 128 1
105 130 1
105 131 1
105 133 1
105 136 1
105 137 1
105 138 1
105 142 1
105 143 1
105 144 1
105 147 1
105 150 1
105 151 1
105 153 1
105 154 1
105 156 1
105 157 1
105 158 1
105 161 1
105 162 1
105 165 1
105 166 1
105 167 1
105 168 1
105 171 1
105 172 1
105 173 1
105 174 1
105 175 1
105 177 1
105 182 1
105 187 1
105 188 1
105 189 1
105 192 1
105 196 1
105 197 1
106 109 1
106 118 1
106 120 1
106 121 1
106 123 1
106 124 1
106 126 1
106 127 1
106 128 1
106 131 1
106 132 1
106 134 1
106 135 1
106 137 1
106 139 1
106 140 1
106 143 1
106 144 1
106 145 1
106 146 1
106 147 1
106 152 1
106 154 1
106 157 1
106 158 1
106 159 1
106 160 1
106 162 1
106 167 1
106 170 1
106 172 1
106 173 1
106 174 1
106 176 1
106 177 1
106 179 1
106 183 1
106 184 1
106 188 1
106 191 1
106 192 1
106 195 1
106 199 1
107 110 1
107 111 1
107 112 1
107 115 1
107 120 1
107 122 1
107 124 1
107 127 1
107 129 1
107 130 1
107 131 1
107 132 1
107 133 1
107 134 1
107 137 1
107 138 1
107 139 1
107 141 1
107 143 1
107 144 1
107 145 1
107 148 1
107 149 1
107 150 1
107 151 1
107 157 1
107 158 1
107 159 1
107 164 1
107 165 1
107 166 1
107 169 1
107 170 1
107 171 1
107 173 1
107 175 1
107 176 1
107 177 1
107 178 1
107 180 1
107 182 1
107 186 1
107 191 1
107 192 1
107 194 1
107 197 1
107 198 1
107 200 1
108 112 1
108 114 1
108 115 1
108 117 1
108 119 1
108 120 1
108 123 1
108 126 1
108 129 1
108 130 1
108 131 1
108 132 1
108 136 1
108 139 1
108 143 1
108 147 1
108 152 1
108 153 1
108 154 1
108 155 1
108 156 1
108 157 1
108 158 1
108 160 1
108 162 1
108 163 1
108 164 1
108 166 1
108 176 1
108 177 1
108 178 1
108 181 1
108 182 1
108 184 1
108 188 1
108 191 1
108 192 1
108 196 1
108 197 1
108 199 1
108 200 1
109 110 1
109 111 1
109 112 1
109 113 1
109 115 1
109 116 1
109 118 1
109 121 1
109 124 1
109 128 1
109 129 1
109 133 1
109 134 1
109 135 1
109 139 1
109 141 1
109 142 1
109 143 1
109 145 1
109 146 1
109 148 1
109 150 1
109 152 1
109 155 1
109 158 1
109 159 1
109 160 1
109 163 1
109 165 1
109 166 1
109 167 1
109 169 1
109 171 1
109 172 1
109 173 1
109 174 1
109 178 1
109 185 1
109 186 1
109 187 1
109 188 1
109 191 1
109 196 1
109 197 1
109 198 1
109 200 1
110 111 1
110 113 1
110 114 1
110 115 1
110 120 1
110 121 1
110 122 1
110 125 1
110 126 1
110 127 1
110 129 1
110 132 1
110 133 1
110 135 1
110 138 1
110 141 1
110 142 1
110 144 1
110 147 1
110 150 1
110 151 1
110 153 1
110 159 1
110 163 1
110 165 1
110 167 1
110 168 1
110 170 1
110 171 1
110 172 1
110 176 1
110 179 1
110 182 1
110 185 1
110 186 1
110 187 1
110 188 1
110 190 1
110 191 1
110 192 1
110 194 1
110 195 1
110 197 1
111 114 1
111 115 1
111 116 1
111 117 1
111 119 1
111 122 1
111 124 1
111 125 1
111 126 1
111 127 1
111 129 1
111 130 1
111 131 1
111 132 1
111 133 1
111 134 1
111 141 1
111 143 1
111 145 1
111 148 1
111 149 1
111 150 1
111 151 1
111 156 1
111 160 1
111 161 1
111 163 1
111 166 1
111 168 1
111 169 1
111 171 1
111 172 1
111 175 1
111 176 1
111 177 1
111 178 1
111 179 1
111 181 1
111 183 1
111 185 1
111 187 1
111 188 1
111 190 1
111 192 1
111 193 1
111 194 1
111 197 1
111 198 1
111 199 1
111 200 1
112 113 1
112 116 1
112 117 1
112 118 1
112 120 1
112 121 1
112 122 1
112 123 1
112 124 1
112 126 1
112 127 1
112 128 1
112 129 1
112 130 1
112 131 1
112 135 1
112 136 1
112 137 1
112 140 1
112 141 1
112 143 1
112 144 1
112 145 1
112 146 1
112 147 1
112 148 1
112 149 1
112 152 1
112 153 1
112 155 1
112 157 1
112 161 1
112 163 1
112 165 1
112 168 1
112 170 1
112 175 1
112 178 1
112 179 1
112 181 1
112 183 1
112 185 1
112 186 1
112 187 1
112 190 1
112 192 1
112 193 1
112 196 1
112 198 1
112 200 1
113 114 1
113 116 1
113 121 1
113 128 1
113 130 1
113 131 1
113 132 1
113 133 1
113 134 1
113 137 1
113 138 1
113 140 1
113 141 1
113 142 1
113 145 1
113 147 1
113 148 1
113 149 1
113 150 1
113 152 1
113 153 1
113 160 1
113 161 1
113 164 1
113 165 1
113 167 1
113 168 1
113 169 1
113 170 1
113 172 1
113 174 1
113 177 1
113 178 1
113 179 1
113 180 1
113 185 1
113 186 1
113 187 1
113 188 1
113 189 1
113 190 1
113 196 1
113 197 1
113 198 1
114 116 1
114 121 1
114 123 1
114 124 1
114 125 1
114 126 1
114 128 1
114 129 1
114 130 1
114 131 1
114 133 1
114 135 1
114 137 1
114 139 1
114 147 1
114 149 1
114 151 1
114 152 1
114 154 1
114 158 1
114 159 1
114 164 1
114 165 1
114 166 1
114 168 1
114 170 1
114 173 1
114 174 1
114 176 1
114 179 1
114 180 1
114 181 1
114 183 1
114 184 1
114 185 1
114 188 1
114 189 1
114 190 1
114 191 1
114 192 1
114 194 1
114 198 1
115 117 1
115 119 1
115 120 1
115 122 1
115 123 1
115 124 1
115 125 1
115 126 1
115 127 1
115 129 1
115 132 1
115 133 1
115 136 1
115 138 1
115 141 1
115 142 1
115 145 1
115 147 1
115 148 1
115 154 1
115 155 1
115 158 1
115 159 1
115 160 1
115 162 1
115 163 1
115 164 1
115 165 1
115 166 1
115 168 1
115 169 1
115 170 1
115 172 1
115 173 1
115 176 1
115 177 1
115 178 1
115 179 1
115 180 1
115 181 1
115 184 1
115 185 1
115 189 1
115 190 1
115 193 1
115 194 1
115 195 1
115 196 1
115 197 1
115 198 1
115 199 1
116 117 1
116 118 1
116 119 1
116 120 1
116 122 1
116 123 1
116 124 1
116 125 1
116 126 1
116 127 1
116 130 1
116 133 1
116 134 1
116 138 1
116 141 1
116 142 1
116 143 1
116 144 1
116 147 1
116 149 1
116 150 1
116 151 1
116 152 1
116 153 1
116 157 1
116 162 1
116 167 1
116 172 1
116 173 1
116 176 1
116 180 1
116 181 1
116 182 1
116 183 1
116 187 1
116 189 1
116 190 1
116 192 1
116 193 1
116 195 1
116 196 1
116 200 1
117 119 1
117 121 1
117 122 1
117 123 1
117 126 1
117 128 1
117 133 1
117 136 1
117 137 1
117 138 1
117 141 1
117 145 1
117 146 1
117 150 1
117 152 1
117 153 1
117 154 1
117 157 1
117 160 1
117 161 1
117 163 1
117 166 1
117 167 1
117 172 1
117 175 1
117 176 1
117 177 1
117 180 1
117 181 1
117 183 1
117 184 1
117 186 1
117 188 1
117 189 1
117 190 1
117 191 1
117 192 1
117 193 1
117 194 1
117 195 1
117 197 1
117 198 1
117 200 1
118 119 1
118 120 1
118 121 1
118 122 1
118 123 1
118 124 1
118 127 1
118 128 1
118 131 1
118 133 1
118 134 1
118 140 1
118 144 1
118 151 1
118 152 1
118 154 1
118 156 1
118 157 1
118 158 1
118 159 1
118 161 1
118 162 1
118 164 1
118 165 1
118 168 1
118 169 1
118 170 1
118 173 1
118 174 1
118 176 1
118 178 1
118 181 1
118 183 1
118 184 1
118 186 1
118 187 1
118 190 1
118 191 1
118 192 1
118 195 1
118 197 1
118 199 1
118 200 1
119 121 1
119 123 1
119 124 1
119 125 1
119 127 1
119 128 1
119 129 1
119 132 1
119 133 1
119 134 1
119 135 1
119 140 1
119 142 1
119 145 1
119 148 1
119 151 1
119 152 1
119 155 1
119 156 1
119 157 1
119 161 1
119 163 1
119 164 1
119 166 1
119 167 1
119 171 1
119 173 1
119 174 1
119 175 1
119 176 1
119 177 1
119 178 1
119 182 1
119 183 1
119 186 1
119 187 1
119 189 1
119 191 1
119 193 1
119 194 1
119 198 1
120 123 1
120 125 1
120 126 1
120 127 1
120 128 1
120 129 1
120 130 1
120 131 1
120 133 1
120 135 1
120 138 1
120 140 1
120 142 1
120 143 1
120 144 1
120 146 1
120 149 1
120 150 1
120 154 1
120 156 1
120 157 1
120 161 1
120 164 1
120 165 1
120 166 1
120 167 1
120 168 1
120 170 1
120 171 1
120 172 1
120 173 1
120 174 1
120 177 1
120 178 1
120 180 1
120 184 1
120 187 1
120 188 1
120 192 1
120 193 1
120 198 1
120 200 1
121 122 1
121 123 1
121 125 1
121 127 1
121 128 1
121 130 1
121 131 1
121 132 1
121 137 1
121 140 1
121 142 1
121 143 1
121 144 1
121 145 1
121 146 1
121 148 1
121 151 1
121 154 1
121 157 1
121 160 1
121 165 1
121 169 1
121 171 1
121 172 1
121 173 1
121 175 1
121 176 1
121 177 1
121 178 1
121 179 1
121 181 1
121 185 1
121 188 1
121 189 1
121 191 1
121 192 1
121 195 1
121 198 1
121 199 1
121 200 1
122 125 1
122 126 1
122 130 1
122 131 1
122 132 1
122 134 1
122 141 1
122 146 1
122 147 1
122 148 1
122 149 1
122 151 1
122 152 1
122 153 1
122 155 1
122 156 1
122 157 1
122 158 1
122 160 1
122 161 1
122 162 1
122 164 1
122 166 1
122 172 1
122 173 1
122 175 1
122 176 1
122 178 1
122 179 1
122 183 1
122 184 1
122 185 1
122 188 1
122 192 1
122 197 1
122 198 1
122 200 1
123 124 1
123 125 1
123 127 1
123 129 1
123 130 1
123 132 1
123 134 1
123 135 1
123 136 1
123 138 1
123 139 1
123 140 1
123 143 1
123 144 1
123 145 1
123 146 1
123 148 1
123 149 1
123 150 1
123 151 1
123 152 1
123 153 1
123 154 1
123 155 1
123 156 1
123 158 1
123 159 1
123 160 1
123 161 1
123 162 1
123 163 1
123 164 1
123 165 1
123 170 1
123 173 1
123 175 1
123 178 1
123 181 1
123 182 1
123 184 1
123 193 1
123 194 1
123 197 1
123 199 1
123 200 1
124 126 1
124 130 1
124 131 1
124 132 1
124 133 1
124 134 1
124 135 1
124 138 1
124 139 1
124 140 1
124 142 1
124 144 1
124 146 1
124 148 1
124 150 1
124 151 1
124 152 1
124 153 1
124 154 1
124 157 1
124 158 1
124 163 1
124 164 1
124 165 1
124 168 1
124 169 1
124 177 1
124 178 1
124 189 1
124 191 1
124 193 1
124 194 1
124 200 1
125 130 1
125 133 1
125 135 1
125 136 1
125 137 1
125 139 1
125 140 1
125 141 1
125 143 1
125 144 1
125 147 1
125 148 1
125 153 1
125 154 1
125 155 1
125 156 1
125 157 1
125 159 1
125 160 1
125 163 1
125 166 1
125 169 1
125 171 1
125 173 1
125 179 1
125 182 1
125 183 1
125 184 1
125 188 1
125 193 1
125 194 1
125 195 1
125 196 1
125 197 1
125 199 1
125 200 1
126 127 1
126 129 1
126 131 1
126 133 1
126 135 1
126 136 1
126 137 1
126 138 1
126 141 1
126 142 1
126 144 1
126 147 1
126 148 1
126 151 1
126 154 1
126 156 1
126 157 1
126 160 1
126 161 1
126 163 1
126 165 1
126 166 1
126 167 1
126 168 1
126 169 1
126 171 1
126 172 1
126 175 1
126 176 1
126 178 1
126 180 1
126 184 1
126 185 1
126 188 1
126 189 1
126 190 1
126 193 1
126 196 1
126 197 1
127 128 1
127 129 1
127 130 1
127 133 1
127 135 1
127 137 1
127 139 1
127 140 1
127 143 1
127 145 1
127 146 1
127 147 1
127 149 1
127 151 1
127 153 1
127 154 1
127 155 1
127 161 1
127 170 1
127 172 1
127 173 1
127 174 1
127 175 1
127 176 1
127 177 1
127 178 1
127 179 1
127 183 1
127 184 1
127 187 1
127 189 1
127 191 1
127 193 1
127 194 1
127 195 1
127 198 1
127 199 1
128 129 1
128 134 1
128 135 1
128 136 1
128 138 1
128 140 1
128 143 1
128 144 1
128 146 1
128 147 1
128 148 1
128 150 1
128 151 1
128 156 1
128 157 1
128 158 1
128 159 1
128 160 1
128 165 1
128 166 1
128 169 1
128 170 1
128 171 1
128 172 1
128 174 1
128 175 1
128 178 1
128 180 1
128 184 1
128 185 1
128 188 1
128 191 1
128 194 1
128 195 1
129 134 1
129 135 1
129 136 1
129 137 1
129 138 1
129 141 1
129 144 1
129 145 1
129 149 1
129 154 1
129 155 1
129 159 1
129 160 1
129 161 1
129 162 1
129 164 1
129 167 1
129 169 1
129 170 1
129 173 1
129 175 1
129 176 1
129 177 1
129 179 1
129 183 1
129 185 1
129 187 1
129 189 1
129 190 1
129 191 1
129 192 1
129 193 1
129 195 1
129 200 1
130 132 1
130 134 1
130 138 1
130 139 1
130 140 1
130 141 1
130 142 1
130 143 1
130 146 1
130 149 1
130 153 1
130 154 1
130 156 1
130 157 1
130 158 1
130 160 1
130 162 1
130 164 1
130 169 1
130 170 1
130 174 1
130 178 1
130 179 1
130 187 1
130 191 1
130 192 1
130 193 1
130 194 1
130 195 1
130 196 1
130 200 1
131 132 1
131 134 1
131 137 1
131 139 1
131 140 1
131 141 1
131 142 1
131 143 1
131 145 1
131 148 1
131 150 1
131 154 1
131 156 1
131 159 1
131 161 1
131 162 1
131 163 1
131 165 1
131 166 1
131 167 1
131 168 1
131 169 1
131 170 1
131 175 1
131 178 1
131 182 1
131 186 1
131 188 1
131 190 1
131 191 1
131 193 1
131 198 1
131 199 1
131 200 1
132 135 1
132 136 1
132 137 1
132 140 1
132 143 1
132 144 1
132 146 1
132 149 1
132 152 1
132 154 1
132 155 1
132 158 1
132 161 1
132 163 1
132 164 1
132 167 1
132 169 1
132 170 1
132 173 1
132 174 1
132 177 1
132 178 1
132 185 1
132 187 1
132 188 1
132 189 1
132 190 1
132 192 1
132 196 1
132 197 1
132 198 1
132 200 1
133 134 1
133 137 1
133 140 1
133 142 1
133 144 1
133 146 1
133 148 1
133 149 1
133 152 1
133 156 1
133 157 1
133 159 1
133 162 1
133 163 1
133 166 1
133 167 1
133 170 1
133 174 1
133 182 1
133 183 1
133 184 1
133 186 1
133 187 1
133 195 1
133 197 1
134 136 1
134 138 1
134 141 1
134 142 1
134 144 1
134 145 1
134 149 1
134 151 1
134 152 1
134 153 1
134 154 1
134 157 1
134 158 1
134 159 1
134 160 1
134 164 1
134 165 1
134 166 1
134 168 1
134 169 1
134 173 1
134 174 1
134 175 1
134 179 1
134 182 1
134 183 1
134 189 1
134 192 1
134 193 1
134 194 1
134 195 1
134 196 1
134 198 1
134 200 1
135 136 1
135 139 1
135 140 1
135 142 1
135 144 1
135 146 1
135 147 1
135 150 1
135 153 1
135 156 1
135 157 1
135 160 1
135 163 1
135 164 1
135 165 1
135 167 1
135 170 1
135 171 1
135 175 1
135 177 1
135 180 1
135 182 1
135 183 1
135 184 1
135 185 1
135 186 1
135 187 1
135 189 1
135 190 1
135 191 1
135 192 1
135 194 1
135 197 1
135 198 1
136 137 1
136 138 1
136 140 1
136 141 1
136 142 1
136 143 1
136 144 1
136 148 1
136 149 1
136 150 1
136 151 1
136 152 1
136 153 1
136 154 1
136 158 1
136 159 1
136 160 1
136 161 1
136 162 1
136 164 1
136 165 1
136 166 1
136 167 1
136 169 1
136 170 1
136 172 1
136 173 1
136 174 1
136 175 1
136 179 1
136 182 1
136 183 1
136 184 1
136 185 1
136 186 1
136 187 1
136 188 1
136 189 1
136 191 1
136 194 1
136 197 1
136 199 1
136 200 1
137 138 1
137 141 1
137 143 1
137 146 1
137 147 1
137 151 1
137 152 1
137 158 1
137 161 1
137 165 1
137 166 1
137 167 1
137 169 1
137 170 1
137 171 1
137 173 1
137 174 1
137 175 1
137 176 1
137 177 1
137 179 1
137 182 1
137 184 1
137 185 1
137 187 1
137 188 1
137 195 1
137 196 1
137 197 1
137 200 1
138 139 1
138 140 1
138 147 1
138 150 1
138 153 1
138 155 1
138 156 1
138 158 1
138 160 1
138 161 1
138 162 1
138 163 1
138 165 1
138 166 1
138 170 1
138 172 1
138 173 1
138 175 1
138 176 1
138 177 1
138 178 1
138 179 1
138 180 1
138 188 1
138 189 1
138 190 1
138 191 1
138 193 1
138 197 1
138 198 1
138 199 1
139 140 1
139 141 1
139 142 1
139 144 1
139 146 1
139 149 1
139 150 1
139 153 1
139 154 1
139 155 1
139 157 1
139 158 1
139 161 1
139 162 1
139 164 1
139 166 1
139 167 1
139 168 1
139 169 1
139 170 1
139 171 1
139 174 1
139 177 1
139 179 1
139 180 1
139 181 1
139 182 1
139 186 1
139 189 1
139 190 1
139 191 1
139 195 1
139 196 1
139 197 1
140 141 1
140 142 1
140 143 1
140 145 1
140 146 1
140 152 1
140 153 1
140 155 1
140 157 1
140 158 1
140 159 1
140 161 1
140 162 1
140 164 1
140 165 1
140 167 1
140 168 1
140 169 1
140 170 1
140 171 1
140 172 1
140 177 1
140 178 1
140 180 1
140 181 1
140 182 1
140 185 1
140 187 1
140 189 1
140 190 1
140 191 1
140 192 1
140 193 1
140 194 1
140 196 1
140 197 1
140 200 1
141 142 1
141 143 1
141 145 1
141 147 1
141 149 1
141 150 1
141 152 1
141 153 1
141 156 1
141 159 1
141 161 1
141 162 1
141 163 1
141 167 1
141 169 1
141 170 1
141 171 1
141 173 1
141 174 1
141 177 1
141 178 1
141 179 1
141 181 1
141 182 1
141 183 1
141 185 1
141 187 1
141 188 1
141 190 1
141 192 1
141 193 1
141 195 1
141 197 1
141 200 1
142 144 1
142 145 1
142 146 1
142 148 1
142 150 1
142 151 1
142 152 1
142 153 1
142 154 1
142 155 1
142 156 1
142 157 1
142 159 1
142 165 1
142 168 1
142 169 1
142 170 1
142 171 1
142 172 1
142 174 1
142 175 1
142 176 1
142 178 1
142 180 1
142 181 1
142 187 1
142 190 1
142 193 1
142 196 1
142 197 1
142 198 1
142 200 1
143 145 1
143 147 1
143 148 1
143 151 1
143 154 1
143 157 1
143 158 1
143 159 1
143 162 1
143 163 1
143 165 1
143 166 1
143 169 1
143 171 1
143 172 1
143 174 1
143 175 1
143 177 1
143 178 1
143 179 1
143 182 1
143 185 1
143 186 1
143 187 1
143 188 1
143 194 1
143 198 1
143 200 1
144 146 1
144 147 1
144 152 1
144 154 1
144 155 1
144 160 1
144 161 1
144 164 1
144 165 1
144 167 1
144 168 1
144 170 1
144 172 1
144 173 1
144 174 1
144 175 1
144 176 1
144 181 1
144 185 1
144 186 1
144 188 1
144 191 1
144 192 1
144 193 1
144 195 1
144 200 1
145 149 1
145 152 1
145 154 1
145 156 1
145 157 1
145 162 1
145 164 1
145 165 1
145 166 1
145 168 1
145 170 1
145 171 1
145 175 1
145 177 1
145 180 1
145 183 1
145 185 1
145 186 1
145 187 1
145 189 1
145 192 1
145 193 1
145 194 1
146 147 1
146 150 1
146 152 1
146 156 1
146 157 1
146 158 1
146 159 1
146 161 1
146 162 1
146 164 1
146 165 1
146 169 1
146 170 1
146 173 1
146 175 1
146 176 1
146 177 1
146 178 1
146 179 1
146 182 1
146 184 1
146 188 1
146 193 1
146 195 1
146 200 1
147 148 1
147 149 1
147 151 1
147 152 1
147 154 1
147 156 1
147 157 1
147 161 1
147 163 1
147 164 1
147 166 1
147 168 1
147 169 1
147 171 1
147 177 1
147 179 1
147 181 1
147 183 1
147 185 1
147 186 1
147 187 1
147 190 1
147 192 1
147 195 1
147 196 1
147 197 1
147 198 1
148 149 1
148 150 1
148 151 1
148 154 1
148 155 1
148 158 1
148 160 1
148 166 1
148 167 1
148 169 1
148 171 1
148 173 1
148 174 1
148 177 1
148 178 1
148 179 1
148 183 1
148 185 1
148 186 1
148 187 1
148 188 1
148 189 1
148 192 1
148 193 1
148 196 1
148 200 1
149 150 1
149 152 1
149 154 1
149 155 1
149 156 1
149 157 1
149 158 1
149 161 1
149 165 1
149 167 1
149 168 1
149 171 1
149 172 1
149 173 1
149 176 1
149 177 1
149 181 1
149 182 1
149 183 1
149 184 1
149 185 1
149 186 1
149 187 1
149 189 1
149 192 1
149 195 1
149 196 1
149 197 1
150 151 1
150 153 1
150 154 1
150 155 1
150 156 1
150 158 1
150 159 1
150 161 1
150 162 1
150 164 1
150 165 1
150 172 1
150 175 1
150 177 1
150 181 1
150 182 1
150 185 1
150 187 1
150 188 1
150 191 1
150 192 1
150 193 1
150 195 1
150 196 1
150 197 1
150 199 1
151 153 1
151 154 1
151 157 1
151 160 1
151 163 1
151 164 1
151 169 1
151 172 1
151 173 1
151 174 1
151 175 1
151 176 1
151 179 1
151 183 1
151 188 1
151 189 1
151 190 1
151 191 1
151 192 1
151 193 1
151 194 1
151 196 1
152 153 1
152 154 1
152 155 1
152 156 1
152 158 1
152 159 1
152 160 1
152 162 1
152 168 1
152 170 1
152 171 1
152 172 1
152 175 1
152 176 1
152 180 1
152 181 1
152 182 1
152 183 1
152 184 1
152 185 1
152 187 1
152 188 1
152 190 1
152 191 1
152 192 1
152 197 1
152 198 1
153 154 1
153 157 1
153 158 1
153 159 1
153 163 1
153 166 1
153 167 1
153 168 1
153 171 1
153 174 1
153 175 1
153 176 1
153 179 1
153 182 1
153 186 1
153 188 1
153 190 1
153 191 1
153 193 1
153 195 1
153 196 1
153 199 1
154 155 1
154 157 1
154 158 1
154 159 1
154 162 1
154 163 1
154 168 1
154 169 1
154 170 1
154 171 1
154 175 1
154 178 1
154 180 1
154 181 1
154 182 1
154 185 1
154 186 1
154 189 1
154 193 1
154 194 1
154 195 1
154 197 1
155 159 1
155 160 1
155 164 1
155 167 1
155 168 1
155 170 1
155 171 1
155 173 1
155 174 1
155 176 1
155 177 1
155 180 1
155 182 1
155 184 1
155 186 1
155 189 1
155 190 1
155 193 1
155 195 1
155 196 1
155 197 1
155 199 1
155 200 1
156 157 1
156 158 1
156 160 1
156 161 1
156 164 1
156 166 1
156 168 1
156 169 1
156 177 1
156 178 1
156 181 1
156 182 1
156 186 1
156 189 1
156 190 1
156 198 1
156 200 1
157 162 1
157 167 1
157 168 1
157 169 1
157 171 1
157 172 1
157 173 1
157 175 1
157 177 1
157 178 1
157 181 1
157 187 1
157 192 1
157 194 1
157 197 1
157 198 1
158 159 1
158 160 1
158 161 1
158 162 1
158 163 1
158 164 1
158 165 1
158 166 1
158 167 1
158 169 1
158 171 1
158 172 1
158 173 1
158 178 1
158 179 1
158 181 1
158 183 1
158 185 1
158 186 1
158 188 1
158 189 1
158 190 1
158 191 1
158 194 1
158 195 1
158 196 1
158 198 1
158 199 1
158 200 1
159 160 1
159 161 1
159 162 1
159 163 1
159 164 1
159 166 1
159 167 1
159 169 1
159 171 1
159 176 1
159 179 1
159 180 1
159 181 1
159 182 1
159 183 1
159 188 1
159 190 1
159 191 1
159 192 1
159 193 1
159 194 1
159 196 1
159 197 1
159 198 1
159 200 1
160 162 1
160 163 1
160 164 1
160 165 1
160 170 1
160 172 1
160 173 1
160 175 1
160 176 1
160 178 1
160 180 1
160 184 1
160 187 1
160 189 1
160 190 1
160 191 1
160 195 1
160 196 1
160 197 1
160 198 1
160 200 1
161 162 1
161 164 1
161 165 1
161 167 1
161 168 1
161 169 1
161 170 1
161 171 1
161 172 1
161 173 1
161 174 1
161 175 1
161 176 1
161 177 1
161 178 1
161 179 1
161 183 1
161 184 1
161 185 1
161 186 1
161 187 1
161 188 1
161 192 1
161 193 1
161 195 1
161 196 1
161 199 1
162 163 1
162 164 1
162 167 1
162 169 1
162 170 1
162 171 1
162 172 1
162 173 1
162 175 1
162 179 1
162 180 1
162 181 1
162 182 1
162 185 1
162 186 1
162 190 1
162 195 1
162 198 1
162 199 1
162 200 1
163 165 1
163 166 1
163 171 1
163 174 1
163 175 1
163 176 1
163 177 1
163 179 1
163 180 1
163 184 1
163 186 1
163 188 1
163 189 1
163 190 1
163 191 1
163 192 1
163 193 1
163 195 1
163 196 1
163 198 1
163 199 1
164 167 1
164 169 1
164 171 1
164 172 1
164 173 1
164 174 1
164 176 1
164 178 1
164 179 1
164 184 1
164 185 1
164 186 1
164 187 1
164 188 1
164 189 1
164 194 1
164 195 1
164 196 1
164 198 1
164 199 1
165 170 1
165 171 1
165 172 1
165 173 1
165 175 1
165 178 1
165 181 1
165 183 1
165 184 1
165 187 1
165 189 1
165 191 1
165 193 1
165 194 1
165 195 1
165 196 1
165 197 1
165 199 1
165 200 1
166 170 1
166 172 1
166 175 1
166 178 1
166 179 1
166 181 1
166 184 1
166 185 1
166 186 1
166 192 1
166 194 1
166 198 1
166 199 1
166 200 1
167 168 1
167 171 1
167 172 1
167 175 1
167 176 1
167 177 1
167 180 1
167 181 1
167 187 1
167 188 1
167 191 1
167 192 1
167 196 1
167 199 1
167 200 1
168 171 1
168 172 1
168 173 1
168 175 1
168 176 1
168 177 1
168 178 1
168 180 1
168 182 1
168 183 1
168 184 1
168 185 1
168 187 1
168 189 1
168 191 1
168 193 1
168 195 1
168 197 1
168 198 1
168 200 1
169 171 1
169 173 1
169 175 1
169 177 1
169 182 1
169 183 1
169 186 1
169 188 1
169 189 1
169 192 1
169 196 1
169 197 1
170 173 1
170 175 1
170 177 1
170 178 1
170 179 1
170 180 1
170 181 1
170 182 1
170 185 1
170 186 1
170 188 1
170 191 1
170 193 1
170 194 1
170 197 1
170 199 1
171 173 1
171 174 1
171 176 1
171 177 1
171 180 1
171 182 1
171 184 1
171 185 1
171 189 1
171 194 1
171 195 1
171 196 1
171 198 1
171 199 1
172 174 1
172 176 1
172 178 1
172 179 1
172 180 1
172 182 1
172 183 1
172 185 1
172 186 1
172 189 1
172 192 1
172 195 1
172 199 1
173 175 1
173 179 1
173 181 1
173 184 1
173 185 1
173 186 1
173 191 1
173 193 1
173 194 1
173 195 1
173 196 1
173 198 1
173 199 1
174 178 1
174 182 1
174 184 1
174 185 1
174 187 1
174 190 1
174 192 1
174 194 1
174 195 1
174 196 1
174 197 1
174 198 1
174 199 1
174 200 1
175 177 1
175 180 1
175 182 1
175 183 1
175 184 1
175 187 1
175 188 1
175 190 1
175 191 1
175 192 1
175 197 1
175 198 1
175 200 1
176 180 1
176 184 1
176 185 1
176 187 1
176 188 1
176 193 1
176 199 1
177 179 1
177 181 1
177 182 1
177 183 1
177 195 1
178 179 1
178 180 1
178 181 1
178 185 1
178 188 1
178 191 1
178 192 1
178 196 1
178 198 1
178 200 1
179 180 1
179 181 1
179 182 1
179 185 1
179 188 1
179 191 1
179 195 1
179 196 1
179 199 1
180 181 1
180 187 1
180 191 1
180 195 1
180 199 1
180 200 1
181 182 1
181 185 1
181 187 1
181 190 1
181 191 1
181 192 1
181 195 1
181 197 1
181 198 1
181 200 1
182 183 1
182 184 1
182 188 1
182 191 1
182 193 1
182 194 1
182 195 1
182 197 1
182 198 1
183 187 1
183 189 1
183 192 1
183 195 1
183 196 1
183 197 1
183 199 1
183 200 1
184 186 1
184 189 1
184 191 1
184 196 1
184 197 1
184 199 1
185 186 1
185 189 1
185 190 1
185 191 1
185 192 1
185 194 1
185 197 1
186 187 1
186 191 1
186 192 1
186 195 1
186 196 1
186 198 1
186 199 1
186 200 1
187 189 1
187 191 1
187 192 1
187 193 1
187 197 1
187 200 1
188 189 1
188 190 1
188 192 1
188 194 1
188 199 1
189 190 1
189 193 1
189 194 1
189 195 1
189 196 1
190 192 1
190 194 1
190 197 1
190 198 1
190 199 1
191 192 1
191 196 1
191 197 1
191 198 1
191 199 1
191 200 1
192 193 1
192 194 1
192 196 1
192 197 1
192 199 1
193 194 1
193 195 1
193 197 1
193 198 1
194 195 1
194 198 1
194 199 1
195 196 1
195 198 1
195 200 1
196 198 1
196 199 1
197 198 1
197 199 1
197 200 1
199 200 1
