200 4998
1 2 1
1 10 1
1 14 1
1 25 1
1 30 1
1 34 1
1 35 1
1 38 1
1 45 1
1 46 1
1 50 1
1 53 1
1 54 1
1 60 1
1 67 1
1 70 1
1 71 1
1 73 1
1 76 1
1 81 1
1 88 1
1 89 1
1 94 1
1 96 1
1 100 1
1 101 1
1 102 1
1 103 1
1 108 1
1 111 1
1 114 1
1 115 1
1 117 1
1 118 1
1 122 1
1 130 1
1 132 1
1 134 1
1 135 1
1 138 1
1 140 1
1 144 1
1 147 1
1 148 1
1 159 1
1 161 1
1 165 1
1 172 1
1 174 1
1 178 1
1 179 1
1 189 1
1 194 1
1 198 1
1 199 1
1 200 1
2 4 1
2 6 1
2 12 1
2 13 1
2 15 1
2 28 1
2 37 1
2 49 1
2 60 1
2 66 1
2 76 1
2 88 1
2 90 1
2 92 1
2 93 1
2 94 1
2 96 1
2 106 1
2 113 1
2 124 1
2 130 1
2 137 1
2 138 1
2 143 1
2 145 1
2 146 1
2 152 1
2 153 1
2 156 1
2 158 1
2 165 1
2 166 1
2 169 1
2 171 1
2 172 1
2 173 1
2 179 1
2 187 1
2 191 1
2 195 1
2 196 1
2 199 1
2 200 1
3 4 1
3 5 1
3 7 1
3 10 1
3 14 1
3 22 1
3 28 1
3 30 1
3 31 1
3 37 1
3 38 1
3 43 1
3 55 1
3 60 1
3 61 1
3 62 1
3 64 1
3 65 1
3 68 1
3 69 1
3 72 1
3 73 1
3 74 1
3 76 1
3 80 1
3 90 1
3 91 1
3 95 1
3 96 1
3 106 1
3 122 1
3 127 1
3 128 1
3 129 1
3 130 1
3 131 1
3 142 1
3 143 1
3 151 1
3 153 1
3 155 1
3 159 1
3 161 1
3 162 1
3 163 1
3 172 1
3 173 1
3 186 1
3 187 1
3 191 1
3 192 1
3 193 1
3 195 1
3 196 1
3 200 1
4 5 1
4 6 1
4 21 1
4 22 1
4 25 1
4 28 1
4 31 1
4 36 1
4 41 1
4 50 1
4 52 1
4 53 1
4 57 1
4 61 1
4 62 1
4 78 1
4 79 1
4 84 1
4 85 1
4 86 1
4 90 1
4 102 1
4 106 1
4 109 1
4 114 1
4 117 1
4 119 1
4 123 1
4 136 1
4 139 1
4 145 1
4 149 1
4 155 1
4 163 1
4 171 1
4 172 1
4 182 1
5 10 1
5 20 1
5 21 1
5 23 1
5 25 1
5 30 1
5 32 1
5 34 1
5 35 1
5 36 1
5 37 1
5 42 1
5 45 1
5 58 1
5 64 1
5 72 1
5 81 1
5 87 1
5 91 1
5 92 1
5 94 1
5 98 1
5 102 1
5 106 1
5 108 1
5 111 1
5 112 1
5 113 1
5 117 1
5 132 1
5 136 1
5 145 1
5 155 1
5 158 1
5 162 1
5 164 1
5 167 1
5 175 1
5 180 1
5 184 1
5 186 1
5 187 1
5 189 1
5 192 1
5 195 1
5 197 1
6 12 1
6 13 1
6 15 1
6 17 1
6 20 1
6 21 1
6 25 1
6 27 1
6 29 1
6 31 1
6 35 1
6 36 1
6 42 1
6 46 1
6 49 1
6 67 1
6 71 1
6 72 1
6 79 1
6 89 1
6 91 1
6 94 1
6 98 1
6 99 1
6 103 1
6 107 1
6 108 1
6 109 1
6 110 1
6 113 1
6 114 1
6 115 1
6 118 1
6 127 1
6 130 1
6 133 1
6 136 1
6 140 1
6 156 1
6 157 1
6 162 1
6 163 1
6 176 1
6 179 1
6 182 1
6 184 1
6 185 1
6 191 1
7 8 1
7 9 1
7 15 1
7 16 1
7 22 1
7 42 1
7 45 1
7 50 1
7 51 1
7 62 1
7 63 1
7 65 1
7 67 1
7 68 1
7 71 1
7 76 1
7 77 1
7 82 1
7 84 1
7 85 1
7 93 1
7 94 1
7 96 1
7 101 1
7 103 1
7 107 1
7 109 1
7 113 1
7 115 1
7 119 1
7 126 1
7 127 1
7 128 1
7 132 1
7 138 1
7 145 1
7 148 1
7 154 1
7 155 1
7 164 1
7 167 1
7 168 1
7 169 1
7 170 1
7 174 1
7 175 1
7 176 1
7 189 1
7 190 1
7 193 1
7 196 1
7 198 1
7 199 1
7 200 1
8 11 1
8 12 1
8 13 1
8 18 1
8 23 1
8 30 1
8 33 1
8 37 1
8 40 1
8 41 1
8 43 1
8 45 1
8 55 1
8 60 1
8 63 1
8 72 1
8 76 1
8 78 1
8 79 1
8 81 1
8 99 1
8 100 1
8 105 1
8 108 1
8 118 1
8 119 1
8 121 1
8 122 1
8 125 1
8 128 1
8 136 1
8 141 1
8 142 1
8 143 1
8 144 1
8 147 1
8 149 1
8 150 1
8 151 1
8 153 1
8 158 1
8 166 1
8 167 1
8 170 1
8 172 1
8 174 1
8 175 1
8 177 1
8 178 1
8 183 1
8 187 1
8 188 1
8 194 1
8 196 1
8 199 1
9 11 1
9 15 1
9 35 1
9 43 1
9 44 1
9 45 1
9 47 1
9 48 1
9 49 1
9 50 1
9 52 1
9 53 1
9 54 1
9 55 1
9 61 1
9 65 1
9 69 1
9 70 1
9 73 1
9 74 1
9 75 1
9 82 1
9 87 1
9 103 1
9 104 1
9 106 1
9 108 1
9 109 1
9 114 1
9 117 1
9 129 1
9 135 1
9 136 1
9 137 1
9 138 1
9 140 1
9 153 1
9 154 1
9 157 1
9 158 1
9 160 1
9 161 1
9 168 1
9 171 1
9 172 1
9 176 1
9 177 1
9 180 1
9 183 1
9 184 1
9 189 1
9 191 1
9 194 1
9 196 1
9 197 1
9 200 1
10 11 1
10 12 1
10 15 1
10 18 1
10 24 1
10 32 1
10 35 1
10 36 1
10 37 1
10 40 1
10 43 1
10 50 1
10 52 1
10 58 1
10 65 1
10 66 1
10 75 1
10 86 1
10 88 1
10 97 1
10 98 1
10 100 1
10 102 1
10 111 1
10 112 1
10 125 1
10 132 1
10 139 1
10 140 1
10 145 1
10 147 1
10 159 1
10 161 1
10 162 1
10 174 1
10 179 1
10 184 1
10 191 1
10 192 1
10 196 1
10 199 1
11 12 1
11 14 1
11 19 1
11 20 1
11 25 1
11 26 1
11 32 1
11 34 1
11 44 1
11 45 1
11 46 1
11 47 1
11 55 1
11 57 1
11 58 1
11 72 1
11 73 1
11 74 1
11 76 1
11 77 1
11 81 1
11 93 1
11 94 1
11 104 1
11 116 1
11 119 1
11 120 1
11 125 1
11 130 1
11 131 1
11 133 1
11 134 1
11 137 1
11 145 1
11 163 1
11 164 1
11 175 1
11 176 1
11 183 1
11 190 1
11 191 1
11 192 1
11 196 1
11 198 1
12 14 1
12 16 1
12 17 1
12 23 1
12 24 1
12 31 1
12 32 1
12 33 1
12 36 1
12 38 1
12 42 1
12 43 1
12 48 1
12 49 1
12 53 1
12 55 1
12 64 1
12 65 1
12 66 1
12 70 1
12 71 1
12 73 1
12 75 1
12 79 1
12 81 1
12 82 1
12 83 1
12 88 1
12 95 1
12 96 1
12 97 1
12 101 1
12 102 1
12 104 1
12 105 1
12 106 1
12 110 1
12 112 1
12 115 1
12 117 1
12 119 1
12 122 1
12 128 1
12 130 1
12 131 1
12 139 1
12 152 1
12 153 1
12 154 1
12 157 1
12 158 1
12 161 1
12 168 1
12 170 1
12 174 1
12 177 1
12 182 1
12 183 1
12 186 1
12 191 1
12 192 1
12 197 1
13 17 1
13 22 1
13 25 1
13 27 1
13 28 1
13 33 1
13 39 1
13 44 1
13 46 1
13 50 1
13 53 1
13 54 1
13 55 1
13 62 1
13 67 1
13 73 1
13 74 1
13 75 1
13 81 1
13 93 1
13 102 1
13 108 1
13 111 1
13 115 1
13 118 1
13 119 1
13 120 1
13 121 1
13 122 1
13 123 1
13 125 1
13 132 1
13 133 1
13 135 1
13 136 1
13 138 1
13 139 1
13 143 1
13 149 1
13 152 1
13 154 1
13 159 1
13 161 1
13 165 1
13 168 1
13 171 1
13 172 1
13 176 1
13 185 1
13 188 1
13 200 1
14 21 1
14 27 1
14 30 1
14 34 1
14 37 1
14 40 1
14 41 1
14 45 1
14 47 1
14 51 1
14 54 1
14 62 1
14 65 1
14 77 1
14 82 1
14 83 1
14 87 1
14 89 1
14 95 1
14 105 1
14 106 1
14 113 1
14 114 1
14 115 1
14 116 1
14 117 1
14 118 1
14 119 1
14 121 1
14 122 1
14 127 1
14 130 1
14 132 1
14 134 1
14 135 1
14 138 1
14 162 1
14 164 1
14 168 1
14 170 1
14 171 1
14 172 1
14 173 1
14 176 1
14 178 1
14 183 1
14 188 1
14 189 1
14 194 1
14 197 1
14 198 1
14 200 1
15 28 1
15 37 1
15 43 1
15 45 1
15 51 1
15 54 1
15 56 1
15 57 1
15 61 1
15 64 1
15 66 1
15 78 1
15 80 1
15 81 1
15 82 1
15 84 1
15 85 1
15 93 1
15 97 1
15 104 1
15 110 1
15 111 1
15 118 1
15 122 1
15 123 1
15 132 1
15 134 1
15 145 1
15 146 1
15 151 1
15 155 1
15 157 1
15 159 1
15 160 1
15 161 1
15 163 1
15 170 1
15 171 1
15 173 1
15 181 1
15 182 1
15 183 1
15 189 1
15 192 1
15 193 1
15 197 1
15 198 1
16 20 1
16 23 1
16 24 1
16 25 1
16 26 1
16 28 1
16 29 1
16 34 1
16 35 1
16 39 1
16 43 1
16 52 1
16 54 1
16 57 1
16 62 1
16 67 1
16 69 1
16 70 1
16 72 1
16 77 1
16 81 1
16 84 1
16 88 1
16 89 1
16 99 1
16 105 1
16 109 1
16 112 1
16 115 1
16 116 1
16 117 1
16 121 1
16 124 1
16 126 1
16 130 1
16 132 1
16 135 1
16 143 1
16 147 1
16 154 1
16 161 1
16 164 1
16 170 1
16 172 1
16 173 1
16 174 1
16 180 1
16 185 1
16 188 1
16 191 1
16 192 1
16 194 1
16 195 1
17 21 1
17 26 1
17 35 1
17 40 1
17 45 1
17 46 1
17 47 1
17 51 1
17 52 1
17 58 1
17 59 1
17 63 1
17 64 1
17 81 1
17 86 1
17 87 1
17 89 1
17 90 1
17 91 1
17 102 1
17 109 1
17 111 1
17 113 1
17 126 1
17 136 1
17 138 1
17 140 1
17 142 1
17 146 1
17 147 1
17 149 1
17 151 1
17 156 1
17 160 1
17 164 1
17 176 1
17 183 1
17 186 1
17 187 1
17 194 1
17 197 1
17 198 1
18 19 1
18 20 1
18 23 1
18 24 1
18 28 1
18 29 1
18 34 1
18 35 1
18 36 1
18 50 1
18 51 1
18 56 1
18 57 1
18 59 1
18 65 1
18 68 1
18 69 1
18 70 1
18 72 1
18 76 1
18 80 1
18 85 1
18 90 1
18 91 1
18 99 1
18 103 1
18 116 1
18 125 1
18 127 1
18 129 1
18 136 1
18 144 1
18 147 1
18 148 1
18 155 1
18 156 1
18 158 1
18 162 1
18 168 1
18 172 1
18 176 1
18 177 1
18 181 1
18 182 1
18 186 1
18 187 1
18 191 1
18 195 1
18 198 1
18 200 1
19 20 1
19 21 1
19 22 1
19 25 1
19 27 1
19 29 1
19 32 1
19 37 1
19 39 1
19 41 1
19 44 1
19 49 1
19 53 1
19 55 1
19 57 1
19 59 1
19 60 1
19 67 1
19 68 1
19 69 1
19 83 1
19 95 1
19 96 1
19 97 1
19 98 1
19 99 1
19 103 1
19 108 1
19 109 1
19 110 1
19 112 1
19 125 1
19 126 1
19 132 1
19 133 1
19 135 1
19 137 1
19 149 1
19 151 1
19 158 1
19 161 1
19 167 1
19 170 1
19 173 1
19 177 1
19 181 1
19 184 1
19 190 1
19 197 1
20 21 1
20 32 1
20 35 1
20 36 1
20 42 1
20 46 1
20 47 1
20 48 1
20 49 1
20 59 1
20 66 1
20 71 1
20 72 1
20 75 1
20 85 1
20 86 1
20 88 1
20 92 1
20 93 1
20 94 1
20 96 1
20 98 1
20 101 1
20 103 1
20 104 1
20 105 1
20 109 1
20 115 1
20 116 1
20 119 1
20 123 1
20 124 1
20 127 1
20 129 1
20 136 1
20 141 1
20 142 1
20 143 1
20 146 1
20 148 1
20 149 1
20 152 1
20 153 1
20 155 1
20 156 1
20 160 1
20 161 1
20 171 1
20 172 1
20 180 1
20 182 1
20 185 1
20 188 1
20 189 1
20 190 1
20 199 1
21 29 1
21 30 1
21 31 1
21 36 1
21 40 1
21 51 1
21 52 1
21 55 1
21 61 1
21 65 1
21 68 1
21 77 1
21 98 1
21 106 1
21 112 1
21 115 1
21 117 1
21 126 1
21 131 1
21 132 1
21 148 1
21 150 1
21 153 1
21 156 1
21 158 1
21 161 1
21 163 1
21 164 1
21 167 1
21 171 1
21 180 1
21 188 1
21 194 1
21 200 1
22 25 1
22 27 1
22 31 1
22 32 1
22 33 1
22 34 1
22 38 1
22 43 1
22 54 1
22 57 1
22 58 1
22 62 1
22 64 1
22 71 1
22 74 1
22 85 1
22 88 1
22 89 1
22 98 1
22 105 1
22 112 1
22 116 1
22 117 1
22 119 1
22 121 1
22 122 1
22 126 1
22 132 1
22 133 1
22 138 1
22 141 1
22 143 1
22 144 1
22 149 1
22 152 1
22 156 1
22 170 1
22 180 1
22 194 1
22 196 1
22 200 1
23 24 1
23 25 1
23 28 1
23 40 1
23 41 1
23 43 1
23 65 1
23 67 1
23 71 1
23 76 1
23 79 1
23 93 1
23 95 1
23 100 1
23 101 1
23 105 1
23 106 1
23 107 1
23 110 1
23 112 1
23 117 1
23 120 1
23 122 1
23 134 1
23 140 1
23 145 1
23 147 1
23 153 1
23 156 1
23 164 1
23 165 1
23 166 1
23 169 1
23 176 1
23 177 1
23 181 1
23 188 1
23 189 1
23 195 1
23 199 1
24 26 1
24 32 1
24 34 1
24 41 1
24 50 1
24 52 1
24 56 1
24 58 1
24 62 1
24 64 1
24 65 1
24 76 1
24 79 1
24 80 1
24 83 1
24 93 1
24 95 1
24 98 1
24 105 1
24 106 1
24 109 1
24 113 1
24 116 1
24 127 1
24 128 1
24 129 1
24 134 1
24 135 1
24 138 1
24 140 1
24 147 1
24 152 1
24 157 1
24 161 1
24 162 1
24 169 1
24 174 1
24 184 1
24 189 1
24 195 1
24 199 1
25 27 1
25 31 1
25 33 1
25 35 1
25 37 1
25 39 1
25 40 1
25 43 1
25 45 1
25 47 1
25 53 1
25 60 1
25 62 1
25 67 1
25 74 1
25 75 1
25 101 1
25 104 1
25 106 1
25 109 1
25 111 1
25 120 1
25 123 1
25 126 1
25 132 1
25 138 1
25 141 1
25 142 1
25 143 1
25 146 1
25 149 1
25 155 1
25 156 1
25 159 1
25 163 1
25 169 1
25 175 1
25 181 1
25 182 1
25 184 1
25 186 1
25 188 1
25 190 1
25 192 1
25 193 1
25 196 1
25 197 1
25 198 1
26 28 1
26 32 1
26 33 1
26 39 1
26 45 1
26 51 1
26 55 1
26 58 1
26 70 1
26 76 1
26 80 1
26 83 1
26 95 1
26 102 1
26 106 1
26 109 1
26 123 1
26 129 1
26 131 1
26 137 1
26 145 1
26 148 1
26 151 1
26 152 1
26 153 1
26 163 1
26 168 1
26 169 1
26 171 1
26 175 1
26 181 1
26 189 1
26 193 1
26 196 1
26 198 1
27 31 1
27 38 1
27 41 1
27 42 1
27 47 1
27 51 1
27 52 1
27 53 1
27 58 1
27 63 1
27 68 1
27 71 1
27 72 1
27 73 1
27 82 1
27 86 1
27 94 1
27 98 1
27 99 1
27 109 1
27 111 1
27 114 1
27 119 1
27 123 1
27 124 1
27 126 1
27 129 1
27 130 1
27 131 1
27 137 1
27 140 1
27 142 1
27 146 1
27 148 1
27 150 1
27 155 1
27 156 1
27 174 1
27 175 1
27 179 1
27 182 1
27 183 1
27 185 1
27 186 1
27 187 1
27 198 1
28 35 1
28 41 1
28 61 1
28 64 1
28 67 1
28 80 1
28 82 1
28 87 1
28 93 1
28 95 1
28 99 1
28 104 1
28 118 1
28 121 1
28 122 1
28 123 1
28 128 1
28 129 1
28 130 1
28 131 1
28 134 1
28 135 1
28 139 1
28 141 1
28 145 1
28 146 1
28 147 1
28 149 1
28 151 1
28 159 1
28 164 1
28 165 1
28 166 1
28 169 1
28 173 1
28 175 1
28 178 1
28 179 1
28 181 1
28 183 1
28 186 1
28 193 1
28 197 1
28 198 1
29 33 1
29 34 1
29 37 1
29 45 1
29 53 1
29 54 1
29 58 1
29 61 1
29 63 1
29 68 1
29 76 1
29 82 1
29 84 1
29 93 1
29 97 1
29 100 1
29 101 1
29 103 1
29 106 1
29 116 1
29 118 1
29 122 1
29 126 1
29 134 1
29 139 1
29 142 1
29 143 1
29 148 1
29 150 1
29 158 1
29 163 1
29 165 1
29 177 1
29 180 1
29 190 1
29 192 1
29 195 1
30 34 1
30 44 1
30 45 1
30 51 1
30 53 1
30 54 1
30 57 1
30 63 1
30 67 1
30 71 1
30 83 1
30 84 1
30 88 1
30 90 1
30 93 1
30 102 1
30 103 1
30 107 1
30 109 1
30 121 1
30 124 1
30 129 1
30 130 1
30 157 1
30 158 1
30 159 1
30 161 1
30 162 1
30 164 1
30 165 1
30 172 1
30 178 1
30 179 1
30 185 1
30 195 1
30 200 1
31 34 1
31 35 1
31 44 1
31 47 1
31 50 1
31 51 1
31 57 1
31 63 1
31 66 1
31 72 1
31 80 1
31 81 1
31 94 1
31 98 1
31 115 1
31 118 1
31 126 1
31 128 1
31 136 1
31 137 1
31 140 1
31 141 1
31 143 1
31 144 1
31 145 1
31 147 1
31 151 1
31 152 1
31 157 1
31 163 1
31 165 1
31 166 1
31 173 1
31 175 1
31 176 1
31 183 1
31 196 1
31 198 1
31 199 1
32 35 1
32 37 1
32 38 1
32 41 1
32 45 1
32 53 1
32 62 1
32 71 1
32 75 1
32 79 1
32 80 1
32 83 1
32 86 1
32 94 1
32 96 1
32 98 1
32 107 1
32 110 1
32 112 1
32 115 1
32 116 1
32 117 1
32 119 1
32 126 1
32 127 1
32 129 1
32 133 1
32 134 1
32 139 1
32 148 1
32 152 1
32 156 1
32 159 1
32 160 1
32 166 1
32 172 1
32 174 1
32 177 1
32 192 1
32 196 1
32 197 1
33 34 1
33 39 1
33 41 1
33 42 1
33 62 1
33 65 1
33 72 1
33 78 1
33 81 1
33 84 1
33 85 1
33 92 1
33 94 1
33 105 1
33 108 1
33 110 1
33 113 1
33 114 1
33 115 1
33 129 1
33 133 1
33 143 1
33 144 1
33 145 1
33 154 1
33 157 1
33 159 1
33 160 1
33 162 1
33 163 1
33 164 1
33 166 1
33 170 1
33 173 1
33 176 1
33 186 1
33 189 1
33 191 1
33 195 1
33 199 1
34 36 1
34 50 1
34 58 1
34 60 1
34 62 1
34 68 1
34 71 1
34 72 1
34 77 1
34 83 1
34 89 1
34 92 1
34 95 1
34 96 1
34 99 1
34 102 1
34 103 1
34 104 1
34 105 1
34 113 1
34 117 1
34 118 1
34 121 1
34 123 1
34 131 1
34 137 1
34 141 1
34 152 1
34 155 1
34 159 1
34 162 1
34 167 1
34 169 1
34 170 1
34 174 1
34 176 1
34 178 1
34 180 1
34 187 1
34 190 1
34 192 1
34 193 1
35 36 1
35 38 1
35 39 1
35 45 1
35 48 1
35 52 1
35 54 1
35 55 1
35 57 1
35 59 1
35 60 1
35 63 1
35 65 1
35 69 1
35 72 1
35 86 1
35 87 1
35 88 1
35 89 1
35 91 1
35 98 1
35 99 1
35 100 1
35 108 1
35 113 1
35 114 1
35 117 1
35 122 1
35 123 1
35 124 1
35 126 1
35 132 1
35 138 1
35 143 1
35 145 1
35 160 1
35 166 1
35 168 1
35 171 1
35 182 1
35 183 1
35 189 1
36 37 1
36 42 1
36 48 1
36 51 1
36 69 1
36 71 1
36 76 1
36 77 1
36 79 1
36 84 1
36 85 1
36 88 1
36 90 1
36 94 1
36 97 1
36 99 1
36 106 1
36 107 1
36 116 1
36 119 1
36 121 1
36 126 1
36 127 1
36 129 1
36 132 1
36 135 1
36 141 1
36 142 1
36 143 1
36 147 1
36 148 1
36 149 1
36 150 1
36 154 1
36 158 1
36 161 1
36 163 1
36 166 1
36 167 1
36 180 1
36 182 1
36 194 1
36 196 1
37 40 1
37 46 1
37 63 1
37 64 1
37 66 1
37 70 1
37 77 1
37 78 1
37 79 1
37 85 1
37 98 1
37 99 1
37 101 1
37 107 1
37 119 1
37 122 1
37 124 1
37 132 1
37 135 1
37 142 1
37 144 1
37 148 1
37 159 1
37 163 1
37 169 1
37 173 1
37 176 1
37 181 1
37 183 1
38 40 1
38 45 1
38 46 1
38 49 1
38 53 1
38 56 1
38 65 1
38 66 1
38 68 1
38 70 1
38 76 1
38 81 1
38 82 1
38 83 1
38 90 1
38 91 1
38 92 1
38 93 1
38 98 1
38 100 1
38 101 1
38 103 1
38 105 1
38 108 1
38 110 1
38 114 1
38 124 1
38 126 1
38 128 1
38 131 1
38 132 1
38 136 1
38 138 1
38 139 1
38 145 1
38 148 1
38 152 1
38 155 1
38 156 1
38 159 1
38 160 1
38 167 1
38 171 1
38 172 1
38 183 1
38 184 1
38 186 1
38 191 1
38 193 1
38 194 1
38 195 1
38 198 1
38 199 1
39 45 1
39 56 1
39 59 1
39 62 1
39 68 1
39 73 1
39 74 1
39 83 1
39 93 1
39 101 1
39 107 1
39 112 1
39 114 1
39 122 1
39 123 1
39 127 1
39 131 1
39 132 1
39 134 1
39 135 1
39 137 1
39 138 1
39 144 1
39 146 1
39 165 1
39 171 1
39 175 1
39 179 1
39 188 1
40 49 1
40 50 1
40 53 1
40 56 1
40 58 1
40 61 1
40 64 1
40 66 1
40 69 1
40 72 1
40 75 1
40 77 1
40 78 1
40 79 1
40 82 1
40 83 1
40 92 1
40 94 1
40 96 1
40 101 1
40 104 1
40 112 1
40 116 1
40 122 1
40 130 1
40 147 1
40 148 1
40 150 1
40 151 1
40 153 1
40 164 1
40 166 1
40 172 1
40 174 1
40 175 1
40 176 1
40 179 1
40 180 1
40 182 1
40 183 1
40 191 1
40 193 1
40 194 1
41 42 1
41 44 1
41 51 1
41 52 1
41 56 1
41 69 1
41 72 1
41 76 1
41 77 1
41 84 1
41 85 1
41 93 1
41 94 1
41 98 1
41 100 1
41 104 1
41 113 1
41 116 1
41 117 1
41 126 1
41 127 1
41 129 1
41 132 1
41 133 1
41 140 1
41 143 1
41 145 1
41 147 1
41 148 1
41 154 1
41 157 1
41 158 1
41 166 1
41 167 1
41 170 1
41 177 1
41 180 1
41 187 1
41 188 1
41 199 1
42 44 1
42 57 1
42 59 1
42 64 1
42 68 1
42 74 1
42 79 1
42 82 1
42 86 1
42 91 1
42 101 1
42 102 1
42 105 1
42 106 1
42 112 1
42 134 1
42 137 1
42 140 1
42 141 1
42 143 1
42 145 1
42 153 1
42 155 1
42 157 1
42 158 1
42 161 1
42 164 1
42 166 1
42 168 1
42 175 1
42 176 1
42 177 1
42 178 1
42 179 1
42 183 1
42 189 1
42 191 1
42 195 1
42 196 1
42 197 1
43 46 1
43 56 1
43 57 1
43 63 1
43 64 1
43 67 1
43 69 1
43 77 1
43 87 1
43 88 1
43 95 1
43 104 1
43 105 1
43 107 1
43 108 1
43 111 1
43 114 1
43 117 1
43 121 1
43 131 1
43 134 1
43 135 1
43 137 1
43 143 1
43 145 1
43 146 1
43 148 1
43 151 1
43 154 1
43 157 1
43 159 1
43 163 1
43 164 1
43 165 1
43 169 1
43 171 1
43 172 1
43 174 1
43 179 1
43 182 1
43 183 1
43 189 1
43 192 1
43 197 1
44 47 1
44 48 1
44 51 1
44 58 1
44 59 1
44 60 1
44 67 1
44 70 1
44 71 1
44 74 1
44 75 1
44 78 1
44 84 1
44 85 1
44 93 1
44 94 1
44 95 1
44 101 1
44 106 1
44 111 1
44 112 1
44 118 1
44 119 1
44 120 1
44 123 1
44 125 1
44 143 1
44 144 1
44 148 1
44 151 1
44 155 1
44 158 1
44 161 1
44 162 1
44 164 1
44 167 1
44 172 1
44 179 1
44 180 1
44 182 1
44 183 1
44 191 1
45 50 1
45 55 1
45 57 1
45 66 1
45 67 1
45 70 1
45 77 1
45 78 1
45 88 1
45 91 1
45 93 1
45 94 1
45 97 1
45 99 1
45 100 1
45 108 1
45 114 1
45 121 1
45 124 1
45 125 1
45 129 1
45 133 1
45 138 1
45 139 1
45 140 1
45 143 1
45 151 1
45 154 1
45 158 1
45 160 1
45 163 1
45 165 1
45 171 1
45 175 1
45 193 1
46 48 1
46 54 1
46 56 1
46 58 1
46 61 1
46 63 1
46 64 1
46 69 1
46 73 1
46 74 1
46 81 1
46 84 1
46 94 1
46 97 1
46 106 1
46 111 1
46 119 1
46 126 1
46 130 1
46 138 1
46 144 1
46 145 1
46 151 1
46 154 1
46 160 1
46 163 1
46 168 1
46 170 1
46 178 1
46 182 1
46 185 1
46 189 1
46 190 1
46 191 1
46 193 1
46 194 1
46 195 1
46 200 1
47 54 1
47 56 1
47 73 1
47 83 1
47 85 1
47 86 1
47 89 1
47 92 1
47 97 1
47 99 1
47 102 1
47 116 1
47 119 1
47 121 1
47 125 1
47 126 1
47 127 1
47 128 1
47 138 1
47 140 1
47 142 1
47 145 1
47 148 1
47 153 1
47 156 1
47 158 1
47 162 1
47 165 1
47 168 1
47 171 1
47 194 1
47 197 1
47 199 1
48 49 1
48 54 1
48 63 1
48 76 1
48 77 1
48 79 1
48 85 1
48 89 1
48 90 1
48 91 1
48 93 1
48 95 1
48 96 1
48 101 1
48 103 1
48 105 1
48 106 1
48 110 1
48 111 1
48 124 1
48 125 1
48 129 1
48 134 1
48 135 1
48 136 1
48 142 1
48 143 1
48 145 1
48 150 1
48 156 1
48 157 1
48 159 1
48 165 1
48 168 1
48 171 1
48 173 1
48 175 1
48 176 1
48 177 1
48 181 1
48 182 1
48 185 1
48 190 1
48 195 1
48 200 1
49 52 1
49 61 1
49 62 1
49 64 1
49 66 1
49 72 1
49 73 1
49 74 1
49 77 1
49 78 1
49 79 1
49 82 1
49 84 1
49 88 1
49 90 1
49 92 1
49 95 1
49 99 1
49 111 1
49 120 1
49 123 1
49 124 1
49 126 1
49 132 1
49 135 1
49 138 1
49 145 1
49 146 1
49 152 1
49 165 1
49 171 1
49 174 1
49 180 1
49 181 1
49 187 1
49 192 1
49 194 1
50 59 1
50 63 1
50 65 1
50 71 1
50 74 1
50 76 1
50 78 1
50 84 1
50 85 1
50 92 1
50 98 1
50 102 1
50 106 1
50 108 1
50 111 1
50 118 1
50 122 1
50 126 1
50 131 1
50 136 1
50 141 1
50 143 1
50 148 1
50 155 1
50 158 1
50 161 1
50 163 1
50 166 1
50 173 1
50 187 1
50 192 1
50 193 1
50 194 1
50 195 1
50 200 1
51 56 1
51 58 1
51 60 1
51 62 1
51 68 1
51 72 1
51 77 1
51 81 1
51 86 1
51 92 1
51 94 1
51 97 1
51 99 1
51 100 1
51 101 1
51 102 1
51 103 1
51 108 1
51 112 1
51 113 1
51 118 1
51 126 1
51 128 1
51 133 1
51 137 1
51 142 1
51 149 1
51 150 1
51 154 1
51 155 1
51 158 1
51 159 1
51 168 1
51 174 1
51 189 1
51 191 1
51 199 1
52 53 1
52 56 1
52 57 1
52 58 1
52 62 1
52 63 1
52 67 1
52 74 1
52 75 1
52 79 1
52 84 1
52 85 1
52 89 1
52 96 1
52 97 1
52 101 1
52 110 1
52 112 1
52 114 1
52 116 1
52 121 1
52 123 1
52 125 1
52 136 1
52 138 1
52 141 1
52 144 1
52 146 1
52 151 1
52 154 1
52 155 1
52 157 1
52 169 1
52 171 1
52 172 1
52 174 1
52 175 1
52 181 1
52 187 1
52 191 1
52 195 1
52 198 1
53 61 1
53 71 1
53 72 1
53 73 1
53 74 1
53 76 1
53 78 1
53 79 1
53 81 1
53 85 1
53 89 1
53 90 1
53 100 1
53 107 1
53 109 1
53 110 1
53 113 1
53 118 1
53 121 1
53 122 1
53 125 1
53 131 1
53 133 1
53 140 1
53 155 1
53 158 1
53 160 1
53 161 1
53 166 1
53 169 1
53 175 1
53 177 1
53 179 1
53 181 1
53 184 1
53 186 1
53 190 1
53 192 1
53 196 1
53 198 1
53 199 1
53 200 1
54 55 1
54 60 1
54 61 1
54 63 1
54 66 1
54 67 1
54 82 1
54 87 1
54 88 1
54 90 1
54 91 1
54 92 1
54 94 1
54 96 1
54 98 1
54 99 1
54 102 1
54 103 1
54 105 1
54 108 1
54 119 1
54 120 1
54 124 1
54 126 1
54 127 1
54 128 1
54 130 1
54 132 1
54 139 1
54 140 1
54 145 1
54 150 1
54 153 1
54 154 1
54 156 1
54 169 1
54 181 1
54 183 1
54 198 1
54 199 1
54 200 1
55 59 1
55 67 1
55 69 1
55 72 1
55 79 1
55 82 1
55 86 1
55 91 1
55 93 1
55 94 1
55 99 1
55 100 1
55 101 1
55 105 1
55 108 1
55 111 1
55 114 1
55 119 1
55 120 1
55 125 1
55 129 1
55 130 1
55 131 1
55 139 1
55 146 1
55 148 1
55 150 1
55 155 1
55 156 1
55 158 1
55 162 1
55 172 1
55 183 1
55 194 1
55 198 1
56 62 1
56 65 1
56 66 1
56 75 1
56 83 1
56 99 1
56 107 1
56 114 1
56 129 1
56 132 1
56 142 1
56 143 1
56 147 1
56 149 1
56 150 1
56 151 1
56 153 1
56 154 1
56 156 1
56 161 1
56 165 1
56 166 1
56 167 1
56 176 1
56 181 1
56 182 1
56 183 1
56 187 1
56 196 1
57 64 1
57 65 1
57 71 1
57 73 1
57 79 1
57 84 1
57 87 1
57 93 1
57 95 1
57 98 1
57 104 1
57 106 1
57 110 1
57 116 1
57 118 1
57 123 1
57 127 1
57 130 1
57 131 1
57 132 1
57 147 1
57 148 1
57 150 1
57 152 1
57 159 1
57 162 1
57 167 1
57 170 1
57 171 1
57 177 1
57 185 1
57 186 1
57 195 1
57 196 1
57 198 1
58 59 1
58 64 1
58 66 1
58 67 1
58 70 1
58 73 1
58 74 1
58 86 1
58 91 1
58 92 1
58 95 1
58 101 1
58 105 1
58 106 1
58 108 1
58 111 1
58 113 1
58 116 1
58 118 1
58 120 1
58 122 1
58 123 1
58 127 1
58 131 1
58 139 1
58 141 1
58 147 1
58 151 1
58 155 1
58 156 1
58 159 1
58 162 1
58 163 1
58 164 1
58 165 1
58 169 1
58 172 1
58 183 1
58 184 1
58 185 1
58 193 1
58 200 1
59 63 1
59 68 1
59 69 1
59 70 1
59 71 1
59 72 1
59 74 1
59 75 1
59 81 1
59 87 1
59 89 1
59 91 1
59 97 1
59 103 1
59 106 1
59 107 1
59 111 1
59 114 1
59 116 1
59 117 1
59 122 1
59 128 1
59 130 1
59 140 1
59 147 1
59 148 1
59 150 1
59 165 1
59 186 1
59 193 1
60 65 1
60 66 1
60 68 1
60 73 1
60 77 1
60 84 1
60 86 1
60 88 1
60 90 1
60 91 1
60 113 1
60 115 1
60 116 1
60 119 1
60 121 1
60 123 1
60 125 1
60 126 1
60 127 1
60 135 1
60 140 1
60 150 1
60 154 1
60 155 1
60 157 1
60 158 1
60 162 1
60 165 1
60 167 1
60 169 1
60 170 1
60 173 1
60 174 1
60 178 1
60 179 1
60 184 1
60 186 1
60 193 1
61 62 1
61 63 1
61 65 1
61 67 1
61 69 1
61 71 1
61 72 1
61 76 1
61 77 1
61 79 1
61 81 1
61 85 1
61 96 1
61 108 1
61 111 1
61 115 1
61 120 1
61 122 1
61 130 1
61 132 1
61 133 1
61 143 1
61 146 1
61 148 1
61 154 1
61 158 1
61 170 1
61 172 1
61 174 1
61 176 1
61 180 1
61 185 1
61 186 1
61 200 1
62 65 1
62 66 1
62 68 1
62 75 1
62 77 1
62 82 1
62 87 1
62 88 1
62 90 1
62 94 1
62 100 1
62 103 1
62 107 1
62 108 1
62 111 1
62 112 1
62 116 1
62 118 1
62 120 1
62 121 1
62 122 1
62 132 1
62 135 1
62 136 1
62 138 1
62 141 1
62 142 1
62 147 1
62 152 1
62 154 1
62 157 1
62 158 1
62 160 1
62 166 1
62 170 1
62 173 1
62 178 1
62 179 1
62 181 1
62 183 1
62 188 1
62 191 1
62 195 1
62 197 1
63 77 1
63 81 1
63 91 1
63 96 1
63 100 1
63 107 1
63 118 1
63 121 1
63 126 1
63 128 1
63 136 1
63 142 1
63 143 1
63 146 1
63 151 1
63 152 1
63 159 1
63 160 1
63 162 1
63 163 1
63 167 1
63 177 1
63 182 1
63 187 1
63 192 1
63 193 1
63 196 1
63 200 1
64 81 1
64 87 1
64 92 1
64 94 1
64 95 1
64 107 1
64 113 1
64 115 1
64 120 1
64 124 1
64 127 1
64 129 1
64 133 1
64 134 1
64 140 1
64 141 1
64 142 1
64 146 1
64 148 1
64 159 1
64 162 1
64 166 1
64 167 1
64 170 1
64 177 1
64 182 1
64 184 1
64 186 1
64 194 1
64 198 1
64 200 1
65 70 1
65 75 1
65 76 1
65 78 1
65 91 1
65 94 1
65 95 1
65 103 1
65 119 1
65 121 1
65 122 1
65 123 1
65 124 1
65 126 1
65 130 1
65 131 1
65 132 1
65 134 1
65 137 1
65 147 1
65 148 1
65 152 1
65 154 1
65 158 1
65 162 1
65 163 1
65 165 1
65 168 1
65 180 1
65 183 1
65 185 1
65 189 1
65 190 1
65 195 1
65 196 1
65 197 1
65 198 1
66 69 1
66 78 1
66 86 1
66 92 1
66 94 1
66 98 1
66 103 1
66 105 1
66 112 1
66 113 1
66 122 1
66 124 1
66 127 1
66 128 1
66 136 1
66 138 1
66 140 1
66 141 1
66 147 1
66 151 1
66 159 1
66 174 1
66 176 1
66 178 1
66 180 1
66 181 1
66 182 1
66 187 1
66 199 1
67 70 1
67 72 1
67 77 1
67 79 1
67 80 1
67 81 1
67 93 1
67 96 1
67 109 1
67 113 1
67 116 1
67 118 1
67 120 1
67 122 1
67 125 1
67 126 1
67 131 1
67 136 1
67 141 1
67 146 1
67 147 1
67 150 1
67 152 1
67 156 1
67 159 1
67 160 1
67 163 1
67 164 1
67 165 1
67 168 1
67 170 1
67 173 1
67 175 1
67 177 1
67 178 1
67 180 1
67 184 1
67 189 1
67 192 1
67 195 1
67 197 1
68 70 1
68 81 1
68 91 1
68 93 1
68 95 1
68 100 1
68 105 1
68 112 1
68 113 1
68 118 1
68 119 1
68 120 1
68 121 1
68 130 1
68 132 1
68 140 1
68 147 1
68 153 1
68 157 1
68 159 1
68 167 1
68 169 1
68 176 1
68 178 1
68 186 1
68 187 1
68 192 1
68 193 1
68 196 1
68 200 1
69 71 1
69 72 1
69 74 1
69 78 1
69 84 1
69 90 1
69 98 1
69 102 1
69 108 1
69 114 1
69 116 1
69 121 1
69 124 1
69 127 1
69 130 1
69 131 1
69 136 1
69 144 1
69 146 1
69 148 1
69 157 1
69 158 1
69 162 1
69 166 1
69 167 1
69 168 1
69 169 1
69 174 1
69 176 1
69 178 1
69 181 1
69 185 1
69 189 1
69 192 1
69 193 1
70 75 1
70 82 1
70 83 1
70 86 1
70 88 1
70 90 1
70 91 1
70 96 1
70 97 1
70 98 1
70 99 1
70 101 1
70 105 1
70 108 1
70 112 1
70 113 1
70 114 1
70 116 1
70 130 1
70 133 1
70 135 1
70 143 1
70 144 1
70 145 1
70 151 1
70 152 1
70 163 1
70 168 1
70 176 1
70 183 1
70 187 1
70 189 1
70 200 1
71 75 1
71 78 1
71 80 1
71 81 1
71 84 1
71 90 1
71 93 1
71 94 1
71 95 1
71 106 1
71 120 1
71 122 1
71 127 1
71 138 1
71 139 1
71 140 1
71 143 1
71 147 1
71 148 1
71 154 1
71 160 1
71 166 1
71 167 1
71 168 1
71 171 1
71 172 1
71 175 1
71 176 1
71 177 1
71 182 1
71 188 1
71 190 1
71 192 1
71 193 1
71 197 1
72 75 1
72 84 1
72 102 1
72 104 1
72 106 1
72 108 1
72 109 1
72 112 1
72 113 1
72 114 1
72 120 1
72 123 1
72 124 1
72 127 1
72 132 1
72 133 1
72 135 1
72 140 1
72 149 1
72 150 1
72 164 1
72 169 1
72 188 1
72 189 1
72 199 1
73 75 1
73 79 1
73 81 1
73 85 1
73 92 1
73 96 1
73 102 1
73 107 1
73 110 1
73 119 1
73 124 1
73 131 1
73 132 1
73 134 1
73 149 1
73 150 1
73 153 1
73 154 1
73 160 1
73 161 1
73 164 1
73 175 1
73 180 1
73 182 1
73 184 1
73 185 1
73 186 1
73 192 1
73 195 1
73 199 1
74 76 1
74 79 1
74 84 1
74 88 1
74 90 1
74 98 1
74 100 1
74 102 1
74 105 1
74 109 1
74 113 1
74 115 1
74 116 1
74 121 1
74 125 1
74 126 1
74 127 1
74 129 1
74 142 1
74 148 1
74 149 1
74 153 1
74 161 1
74 167 1
74 170 1
74 171 1
74 176 1
74 190 1
74 191 1
74 192 1
75 81 1
75 86 1
75 88 1
75 92 1
75 96 1
75 97 1
75 98 1
75 100 1
75 104 1
75 107 1
75 110 1
75 114 1
75 117 1
75 118 1
75 120 1
75 124 1
75 128 1
75 141 1
75 144 1
75 146 1
75 152 1
75 155 1
75 156 1
75 162 1
75 165 1
75 168 1
75 172 1
75 173 1
75 175 1
75 177 1
75 178 1
75 190 1
75 196 1
75 198 1
76 78 1
76 79 1
76 80 1
76 102 1
76 105 1
76 107 1
76 115 1
76 123 1
76 126 1
76 127 1
76 132 1
76 137 1
76 141 1
76 145 1
76 155 1
76 158 1
76 161 1
76 162 1
76 165 1
76 167 1
76 168 1
76 169 1
76 170 1
76 180 1
76 182 1
76 187 1
76 188 1
76 196 1
76 198 1
77 81 1
77 83 1
77 85 1
77 88 1
77 92 1
77 98 1
77 100 1
77 112 1
77 116 1
77 128 1
77 134 1
77 135 1
77 136 1
77 137 1
77 144 1
77 147 1
77 155 1
77 157 1
77 166 1
77 167 1
77 171 1
77 174 1
77 178 1
77 180 1
77 181 1
77 182 1
77 189 1
78 83 1
78 85 1
78 87 1
78 103 1
78 105 1
78 112 1
78 117 1
78 118 1
78 124 1
78 132 1
78 134 1
78 136 1
78 142 1
78 143 1
78 150 1
78 159 1
78 162 1
78 164 1
78 166 1
78 172 1
78 175 1
78 177 1
78 185 1
78 187 1
78 191 1
79 83 1
79 86 1
79 87 1
79 90 1
79 92 1
79 100 1
79 103 1
79 106 1
79 107 1
79 114 1
79 115 1
79 117 1
79 147 1
79 149 1
79 158 1
79 162 1
79 168 1
79 180 1
79 184 1
79 185 1
79 186 1
79 187 1
79 194 1
79 198 1
80 83 1
80 86 1
80 88 1
80 93 1
80 96 1
80 97 1
80 105 1
80 108 1
80 110 1
80 115 1
80 122 1
80 132 1
80 136 1
80 137 1
80 140 1
80 143 1
80 145 1
80 150 1
80 153 1
80 161 1
80 162 1
80 168 1
80 170 1
80 175 1
80 179 1
80 187 1
80 192 1
80 193 1
80 196 1
80 197 1
80 200 1
81 87 1
81 102 1
81 104 1
81 107 1
81 114 1
81 115 1
81 122 1
81 123 1
81 131 1
81 133 1
81 136 1
81 140 1
81 143 1
81 148 1
81 152 1
81 161 1
81 167 1
81 171 1
81 173 1
81 175 1
81 179 1
81 181 1
81 185 1
81 190 1
81 197 1
82 83 1
82 93 1
82 97 1
82 99 1
82 100 1
82 103 1
82 105 1
82 124 1
82 127 1
82 128 1
82 131 1
82 142 1
82 146 1
82 148 1
82 151 1
82 152 1
82 155 1
82 159 1
82 162 1
82 164 1
82 165 1
82 167 1
82 177 1
82 179 1
82 180 1
82 184 1
82 186 1
82 194 1
82 195 1
82 199 1
82 200 1
83 89 1
83 93 1
83 103 1
83 113 1
83 114 1
83 116 1
83 124 1
83 128 1
83 129 1
83 131 1
83 134 1
83 135 1
83 144 1
83 145 1
83 146 1
83 151 1
83 168 1
83 171 1
83 179 1
83 181 1
83 182 1
83 184 1
83 186 1
83 188 1
83 198 1
83 200 1
84 85 1
84 87 1
84 93 1
84 102 1
84 108 1
84 114 1
84 119 1
84 123 1
84 128 1
84 139 1
84 142 1
84 149 1
84 156 1
84 160 1
84 161 1
84 166 1
84 167 1
84 169 1
84 172 1
84 180 1
84 184 1
84 185 1
84 187 1
84 188 1
84 199 1
84 200 1
85 86 1
85 89 1
85 102 1
85 103 1
85 105 1
85 112 1
85 115 1
85 117 1
85 119 1
85 120 1
85 127 1
85 131 1
85 137 1
85 142 1
85 148 1
85 151 1
85 155 1
85 158 1
85 159 1
85 162 1
85 166 1
85 170 1
85 180 1
85 183 1
85 190 1
85 191 1
85 196 1
85 197 1
85 200 1
86 90 1
86 94 1
86 98 1
86 100 1
86 103 1
86 107 1
86 108 1
86 109 1
86 114 1
86 116 1
86 119 1
86 123 1
86 125 1
86 136 1
86 138 1
86 140 1
86 148 1
86 149 1
86 156 1
86 158 1
86 164 1
86 165 1
86 166 1
86 176 1
86 178 1
86 179 1
86 182 1
86 184 1
86 186 1
86 198 1
87 89 1
87 92 1
87 93 1
87 98 1
87 104 1
87 110 1
87 111 1
87 120 1
87 121 1
87 123 1
87 127 1
87 128 1
87 132 1
87 134 1
87 139 1
87 146 1
87 147 1
87 150 1
87 152 1
87 156 1
87 170 1
87 171 1
87 180 1
87 183 1
87 184 1
87 187 1
87 188 1
87 194 1
87 196 1
87 198 1
88 92 1
88 101 1
88 112 1
88 114 1
88 116 1
88 123 1
88 125 1
88 133 1
88 134 1
88 142 1
88 143 1
88 145 1
88 156 1
88 160 1
88 162 1
88 163 1
88 166 1
88 171 1
88 175 1
88 178 1
88 181 1
88 185 1
88 187 1
88 189 1
88 192 1
88 195 1
88 197 1
89 90 1
89 93 1
89 96 1
89 97 1
89 99 1
89 103 1
89 106 1
89 110 1
89 112 1
89 122 1
89 125 1
89 131 1
89 135 1
89 137 1
89 143 1
89 144 1
89 145 1
89 146 1
89 152 1
89 161 1
89 171 1
89 180 1
89 182 1
89 186 1
89 188 1
89 195 1
89 196 1
90 91 1
90 92 1
90 95 1
90 97 1
90 103 1
90 117 1
90 118 1
90 128 1
90 129 1
90 131 1
90 136 1
90 137 1
90 144 1
90 145 1
90 148 1
90 151 1
90 152 1
90 164 1
90 168 1
90 171 1
90 191 1
90 193 1
90 196 1
90 198 1
91 92 1
91 94 1
91 96 1
91 100 1
91 101 1
91 104 1
91 106 1
91 118 1
91 120 1
91 123 1
91 127 1
91 138 1
91 140 1
91 141 1
91 145 1
91 149 1
91 151 1
91 157 1
91 163 1
91 174 1
91 176 1
91 177 1
91 181 1
91 187 1
91 191 1
91 192 1
91 194 1
91 196 1
91 198 1
92 94 1
92 97 1
92 105 1
92 114 1
92 115 1
92 121 1
92 124 1
92 125 1
92 128 1
92 140 1
92 142 1
92 150 1
92 151 1
92 155 1
92 160 1
92 161 1
92 164 1
92 168 1
92 169 1
92 184 1
92 186 1
92 190 1
92 191 1
92 194 1
92 196 1
92 198 1
93 99 1
93 102 1
93 103 1
93 106 1
93 110 1
93 111 1
93 114 1
93 115 1
93 117 1
93 118 1
93 123 1
93 126 1
93 127 1
93 130 1
93 131 1
93 135 1
93 139 1
93 140 1
93 146 1
93 153 1
93 156 1
93 159 1
93 161 1
93 175 1
93 176 1
93 177 1
93 179 1
93 180 1
93 185 1
93 189 1
93 191 1
93 197 1
93 198 1
94 96 1
94 97 1
94 101 1
94 105 1
94 107 1
94 109 1
94 112 1
94 115 1
94 122 1
94 123 1
94 142 1
94 143 1
94 150 1
94 154 1
94 155 1
94 157 1
94 163 1
94 165 1
94 169 1
94 172 1
94 174 1
94 181 1
94 182 1
94 186 1
94 189 1
94 190 1
94 192 1
94 194 1
95 100 1
95 107 1
95 108 1
95 114 1
95 115 1
95 116 1
95 117 1
95 122 1
95 128 1
95 132 1
95 133 1
95 137 1
95 139 1
95 141 1
95 143 1
95 144 1
95 147 1
95 149 1
95 157 1
95 160 1
95 161 1
95 163 1
95 164 1
95 165 1
95 166 1
95 170 1
95 171 1
95 177 1
95 179 1
95 182 1
95 183 1
95 185 1
95 186 1
95 187 1
95 190 1
95 191 1
96 98 1
96 99 1
96 103 1
96 104 1
96 107 1
96 112 1
96 122 1
96 124 1
96 129 1
96 131 1
96 132 1
96 134 1
96 142 1
96 145 1
96 146 1
96 152 1
96 169 1
96 170 1
96 171 1
96 180 1
96 187 1
96 192 1
96 195 1
96 198 1
97 101 1
97 110 1
97 111 1
97 117 1
97 121 1
97 129 1
97 143 1
97 152 1
97 158 1
97 163 1
97 166 1
97 167 1
97 169 1
97 171 1
97 173 1
97 177 1
97 182 1
97 186 1
97 189 1
97 198 1
98 102 1
98 104 1
98 107 1
98 113 1
98 117 1
98 118 1
98 120 1
98 121 1
98 123 1
98 126 1
98 127 1
98 131 1
98 134 1
98 136 1
98 137 1
98 138 1
98 139 1
98 148 1
98 157 1
98 160 1
98 168 1
98 177 1
98 187 1
98 188 1
98 193 1
98 195 1
98 198 1
99 104 1
99 105 1
99 106 1
99 107 1
99 117 1
99 118 1
99 123 1
99 128 1
99 130 1
99 133 1
99 134 1
99 136 1
99 137 1
99 139 1
99 147 1
99 150 1
99 153 1
99 162 1
99 163 1
99 166 1
99 170 1
99 175 1
99 176 1
99 181 1
99 186 1
99 189 1
99 191 1
99 195 1
99 198 1
100 102 1
100 106 1
100 116 1
100 117 1
100 118 1
100 128 1
100 132 1
100 134 1
100 140 1
100 141 1
100 142 1
100 143 1
100 149 1
100 152 1
100 155 1
100 156 1
100 166 1
100 171 1
100 177 1
100 178 1
100 185 1
100 189 1
100 199 1
101 106 1
101 107 1
101 110 1
101 112 1
101 113 1
101 114 1
101 115 1
101 119 1
101 121 1
101 125 1
101 126 1
101 127 1
101 139 1
101 140 1
101 145 1
101 146 1
101 153 1
101 155 1
101 157 1
101 160 1
101 176 1
101 178 1
101 182 1
101 187 1
101 189 1
101 190 1
101 195 1
102 103 1
102 106 1
102 109 1
102 126 1
102 127 1
102 132 1
102 137 1
102 143 1
102 151 1
102 155 1
102 156 1
102 163 1
102 167 1
102 168 1
102 170 1
102 180 1
102 182 1
102 190 1
103 108 1
103 110 1
103 111 1
103 114 1
103 116 1
103 119 1
103 121 1
103 122 1
103 128 1
103 131 1
103 136 1
103 138 1
103 146 1
103 149 1
103 152 1
103 162 1
103 163 1
103 167 1
103 172 1
103 175 1
103 176 1
103 183 1
103 193 1
104 111 1
104 112 1
104 116 1
104 119 1
104 126 1
104 129 1
104 138 1
104 141 1
104 156 1
104 157 1
104 159 1
104 165 1
104 168 1
104 169 1
104 173 1
104 178 1
104 187 1
104 188 1
104 192 1
104 194 1
105 106 1
105 111 1
105 113 1
105 117 1
105 119 1
105 120 1
105 128 1
105 129 1
105 134 1
105 138 1
105 142 1
105 143 1
105 151 1
105 160 1
105 161 1
105 170 1
105 175 1
105 179 1
105 181 1
105 185 1
105 190 1
105 191 1
105 198 1
105 200 1
106 111 1
106 112 1
106 117 1
106 120 1
106 123 1
106 127 1
106 129 1
106 131 1
106 135 1
106 136 1
106 137 1
106 139 1
106 142 1
106 147 1
106 148 1
106 149 1
106 153 1
106 159 1
106 161 1
106 164 1
106 165 1
106 166 1
106 171 1
106 181 1
106 187 1
106 188 1
106 193 1
106 194 1
106 200 1
107 123 1
107 128 1
107 137 1
107 139 1
107 140 1
107 141 1
107 143 1
107 146 1
107 154 1
107 162 1
107 169 1
107 178 1
107 185 1
107 190 1
107 193 1
108 110 1
108 112 1
108 113 1
108 116 1
108 121 1
108 122 1
108 126 1
108 136 1
108 153 1
108 156 1
108 159 1
108 164 1
108 167 1
108 169 1
108 175 1
108 176 1
108 181 1
108 183 1
108 184 1
108 187 1
109 110 1
109 111 1
109 115 1
109 116 1
109 121 1
109 144 1
109 149 1
109 150 1
109 155 1
109 158 1
109 170 1
109 178 1
109 183 1
109 198 1
109 199 1
110 114 1
110 119 1
110 126 1
110 127 1
110 129 1
110 143 1
110 150 1
110 154 1
110 155 1
110 161 1
110 165 1
110 170 1
110 184 1
110 193 1
110 196 1
110 197 1
111 125 1
111 128 1
111 137 1
111 139 1
111 147 1
111 151 1
111 159 1
111 164 1
111 167 1
111 168 1
111 174 1
111 180 1
111 182 1
111 183 1
111 192 1
112 115 1
112 120 1
112 121 1
112 125 1
112 145 1
112 146 1
112 165 1
112 166 1
112 167 1
112 171 1
112 173 1
112 175 1
112 177 1
112 178 1
112 179 1
112 182 1
112 185 1
112 191 1
112 196 1
112 197 1
113 116 1
113 121 1
113 124 1
113 128 1
113 131 1
113 133 1
113 134 1
113 135 1
113 137 1
113 144 1
113 146 1
113 152 1
113 159 1
113 162 1
113 165 1
113 166 1
113 169 1
113 174 1
113 178 1
113 181 1
113 189 1
113 190 1
113 193 1
113 194 1
113 195 1
113 196 1
113 199 1
114 131 1
114 132 1
114 140 1
114 142 1
114 146 1
114 155 1
114 158 1
114 170 1
114 174 1
114 180 1
114 181 1
114 184 1
114 188 1
114 194 1
115 120 1
115 124 1
115 126 1
115 130 1
115 132 1
115 133 1
115 139 1
115 140 1
115 141 1
115 142 1
115 151 1
115 154 1
115 157 1
115 158 1
115 160 1
115 163 1
115 164 1
115 168 1
115 169 1
115 170 1
115 178 1
115 183 1
115 191 1
115 194 1
115 197 1
115 199 1
116 117 1
116 124 1
116 126 1
116 127 1
116 128 1
116 133 1
116 137 1
116 139 1
116 142 1
116 171 1
116 186 1
116 189 1
116 195 1
116 196 1
116 197 1
117 118 1
117 128 1
117 137 1
117 139 1
117 143 1
117 144 1
117 147 1
117 155 1
117 157 1
117 178 1
117 179 1
117 181 1
117 194 1
117 195 1
117 200 1
118 119 1
118 121 1
118 122 1
118 131 1
118 135 1
118 136 1
118 143 1
118 144 1
118 154 1
118 158 1
118 162 1
118 165 1
118 171 1
118 175 1
118 176 1
118 177 1
118 178 1
118 179 1
118 182 1
118 188 1
118 195 1
118 197 1
118 198 1
118 199 1
119 129 1
119 130 1
119 136 1
119 137 1
119 144 1
119 148 1
119 150 1
119 155 1
119 156 1
119 159 1
119 161 1
119 162 1
119 164 1
119 167 1
119 172 1
119 187 1
119 189 1
119 192 1
119 194 1
119 198 1
120 121 1
120 123 1
120 125 1
120 126 1
120 132 1
120 133 1
120 140 1
120 147 1
120 148 1
120 149 1
120 152 1
120 154 1
120 157 1
120 162 1
120 166 1
120 170 1
120 171 1
120 172 1
120 173 1
120 174 1
120 177 1
120 178 1
120 179 1
120 186 1
120 196 1
121 128 1
121 132 1
121 133 1
121 134 1
121 135 1
121 141 1
121 142 1
121 143 1
121 151 1
121 166 1
121 168 1
121 172 1
121 175 1
121 176 1
121 177 1
121 178 1
121 179 1
121 182 1
121 188 1
121 192 1
121 197 1
121 199 1
122 125 1
122 133 1
122 135 1
122 136 1
122 138 1
122 141 1
122 149 1
122 157 1
122 161 1
122 166 1
122 170 1
122 172 1
122 176 1
122 177 1
122 180 1
122 182 1
122 197 1
123 124 1
123 125 1
123 126 1
123 127 1
123 134 1
123 140 1
123 142 1
123 143 1
123 157 1
123 158 1
123 162 1
123 166 1
123 168 1
123 169 1
123 170 1
123 171 1
123 172 1
123 174 1
123 183 1
123 190 1
123 196 1
124 126 1
124 128 1
124 130 1
124 133 1
124 134 1
124 135 1
124 140 1
124 142 1
124 150 1
124 152 1
124 155 1
124 156 1
124 164 1
124 166 1
124 167 1
124 174 1
124 181 1
124 185 1
124 186 1
124 188 1
124 189 1
124 190 1
124 195 1
124 199 1
125 126 1
125 128 1
125 130 1
125 137 1
125 139 1
125 144 1
125 150 1
125 161 1
125 167 1
125 169 1
125 187 1
125 189 1
125 191 1
125 192 1
125 193 1
125 196 1
125 199 1
126 127 1
126 128 1
126 138 1
126 140 1
126 150 1
126 151 1
126 152 1
126 165 1
126 166 1
126 171 1
126 177 1
126 182 1
126 186 1
126 187 1
126 188 1
126 194 1
126 196 1
127 144 1
127 148 1
127 152 1
127 164 1
127 172 1
127 177 1
127 182 1
127 183 1
127 185 1
127 191 1
128 131 1
128 133 1
128 144 1
128 145 1
128 150 1
128 156 1
128 160 1
128 165 1
128 167 1
128 170 1
128 171 1
128 173 1
128 184 1
128 190 1
128 193 1
129 132 1
129 136 1
129 138 1
129 141 1
129 155 1
129 157 1
129 175 1
129 181 1
129 183 1
129 190 1
129 193 1
129 194 1
129 196 1
129 199 1
130 133 1
130 142 1
130 150 1
130 151 1
130 153 1
130 155 1
130 164 1
130 180 1
130 188 1
130 193 1
131 132 1
131 133 1
131 134 1
131 135 1
131 138 1
131 140 1
131 165 1
131 167 1
131 170 1
131 174 1
131 176 1
131 177 1
131 178 1
131 181 1
131 182 1
131 186 1
131 190 1
131 192 1
131 199 1
132 137 1
132 138 1
132 140 1
132 143 1
132 144 1
132 146 1
132 152 1
132 170 1
132 171 1
132 174 1
132 177 1
132 182 1
132 185 1
132 200 1
133 134 1
133 137 1
133 145 1
133 148 1
133 156 1
133 161 1
133 163 1
133 167 1
133 169 1
133 173 1
133 174 1
133 190 1
133 193 1
133 197 1
134 135 1
134 140 1
134 142 1
134 149 1
134 150 1
134 155 1
134 156 1
134 158 1
134 161 1
134 167 1
134 169 1
134 171 1
134 172 1
134 177 1
134 180 1
134 185 1
134 186 1
134 187 1
134 189 1
134 194 1
135 137 1
135 144 1
135 150 1
135 154 1
135 156 1
135 157 1
135 158 1
135 160 1
135 164 1
135 166 1
135 167 1
135 169 1
135 172 1
135 173 1
135 179 1
135 183 1
135 186 1
135 191 1
135 193 1
135 195 1
135 196 1
135 197 1
136 138 1
136 139 1
136 147 1
136 148 1
136 149 1
136 156 1
136 158 1
136 165 1
136 169 1
136 171 1
136 173 1
136 174 1
136 175 1
136 184 1
136 189 1
136 190 1
136 195 1
136 199 1
136 200 1
137 139 1
137 141 1
137 146 1
137 150 1
137 163 1
137 164 1
137 168 1
137 170 1
137 171 1
137 173 1
137 176 1
137 177 1
137 179 1
137 184 1
137 187 1
137 188 1
137 189 1
137 193 1
137 195 1
137 196 1
138 141 1
138 142 1
138 144 1
138 149 1
138 150 1
138 151 1
138 159 1
138 168 1
138 175 1
138 177 1
138 181 1
138 184 1
138 191 1
138 197 1
138 198 1
138 199 1
139 144 1
139 145 1
139 149 1
139 160 1
139 162 1
139 168 1
139 170 1
139 172 1
139 173 1
139 178 1
139 180 1
139 183 1
139 191 1
139 192 1
139 196 1
140 141 1
140 143 1
140 144 1
140 146 1
140 148 1
140 149 1
140 150 1
140 153 1
140 166 1
140 168 1
140 174 1
140 178 1
140 180 1
140 182 1
140 186 1
140 194 1
140 195 1
140 197 1
140 199 1
141 144 1
141 145 1
141 148 1
141 152 1
141 159 1
141 166 1
141 172 1
141 173 1
141 177 1
141 179 1
141 180 1
141 195 1
141 198 1
141 200 1
142 146 1
142 148 1
142 155 1
142 162 1
142 163 1
142 165 1
142 168 1
142 170 1
142 182 1
142 184 1
142 186 1
142 187 1
142 190 1
142 192 1
142 200 1
143 144 1
143 146 1
143 149 1
143 150 1
143 153 1
143 155 1
143 156 1
143 160 1
143 164 1
143 165 1
143 166 1
143 167 1
143 174 1
143 175 1
143 176 1
143 178 1
143 180 1
143 185 1
143 187 1
143 190 1
143 191 1
143 198 1
143 199 1
144 145 1
144 149 1
144 154 1
144 155 1
144 157 1
144 160 1
144 161 1
144 163 1
144 165 1
144 166 1
144 172 1
144 182 1
144 184 1
144 189 1
144 190 1
144 191 1
144 193 1
144 195 1
144 197 1
145 146 1
145 157 1
145 161 1
145 163 1
145 164 1
145 166 1
145 169 1
145 177 1
145 182 1
145 192 1
145 194 1
145 195 1
145 196 1
145 200 1
146 147 1
146 150 1
146 154 1
146 155 1
146 156 1
146 157 1
146 162 1
146 164 1
146 167 1
146 170 1
146 180 1
146 185 1
146 187 1
146 188 1
147 149 1
147 151 1
147 153 1
147 156 1
147 162 1
147 163 1
147 165 1
147 166 1
147 167 1
147 169 1
147 171 1
147 173 1
147 177 1
147 178 1
147 180 1
147 188 1
147 189 1
147 191 1
147 192 1
147 200 1
148 152 1
148 156 1
148 163 1
148 164 1
148 166 1
148 169 1
148 172 1
148 173 1
148 175 1
148 183 1
148 185 1
148 188 1
148 189 1
148 191 1
148 192 1
148 193 1
148 199 1
149 155 1
149 160 1
149 162 1
149 168 1
149 177 1
149 180 1
149 181 1
149 184 1
149 189 1
149 195 1
149 196 1
149 198 1
150 152 1
150 153 1
150 157 1
150 161 1
150 162 1
150 163 1
150 167 1
150 169 1
150 170 1
150 179 1
150 182 1
150 183 1
150 187 1
150 189 1
150 194 1
150 195 1
150 199 1
151 155 1
151 156 1
151 157 1
151 166 1
151 171 1
151 180 1
151 181 1
151 184 1
151 190 1
151 191 1
151 200 1
152 153 1
152 155 1
152 158 1
152 159 1
152 166 1
152 167 1
152 169 1
152 178 1
152 179 1
152 189 1
152 198 1
153 154 1
153 155 1
153 158 1
153 162 1
153 163 1
153 164 1
153 166 1
153 168 1
153 169 1
153 170 1
153 171 1
153 173 1
153 177 1
153 178 1
153 180 1
153 181 1
153 186 1
153 187 1
153 194 1
153 195 1
154 156 1
154 157 1
154 159 1
154 163 1
154 169 1
154 172 1
154 174 1
154 177 1
154 181 1
154 186 1
154 190 1
154 195 1
155 165 1
155 171 1
155 175 1
155 182 1
155 183 1
155 187 1
155 188 1
155 193 1
155 195 1
155 197 1
156 159 1
156 161 1
156 163 1
156 168 1
156 174 1
156 182 1
156 185 1
156 187 1
156 191 1
156 194 1
156 195 1
156 198 1
157 158 1
157 159 1
157 161 1
157 162 1
157 165 1
157 169 1
157 173 1
157 174 1
157 180 1
157 182 1
157 184 1
157 186 1
157 188 1
157 189 1
157 191 1
157 193 1
157 197 1
158 159 1
158 160 1
158 164 1
158 169 1
158 171 1
158 173 1
158 175 1
158 181 1
158 182 1
158 184 1
158 195 1
158 198 1
159 160 1
159 161 1
159 162 1
159 164 1
159 165 1
159 166 1
159 168 1
159 170 1
159 172 1
159 177 1
159 183 1
159 187 1
159 189 1
159 190 1
159 192 1
159 194 1
159 197 1
160 162 1
160 163 1
160 164 1
160 168 1
160 174 1
160 183 1
160 186 1
160 195 1
160 197 1
161 162 1
161 164 1
161 165 1
161 169 1
161 173 1
161 175 1
161 184 1
161 187 1
161 191 1
161 200 1
162 164 1
162 168 1
162 169 1
162 172 1
162 175 1
162 176 1
162 183 1
162 184 1
162 190 1
162 191 1
162 193 1
163 164 1
163 166 1
163 167 1
163 170 1
163 172 1
163 176 1
163 177 1
163 179 1
163 180 1
163 182 1
163 185 1
163 188 1
163 189 1
163 191 1
163 192 1
163 195 1
163 196 1
163 198 1
164 166 1
164 168 1
164 176 1
164 177 1
164 179 1
164 182 1
164 183 1
164 185 1
164 188 1
164 189 1
164 195 1
164 196 1
164 197 1
164 198 1
165 174 1
165 175 1
165 178 1
165 180 1
165 182 1
165 184 1
165 190 1
165 199 1
166 167 1
166 169 1
166 191 1
166 196 1
166 199 1
167 175 1
167 180 1
167 183 1
167 185 1
167 187 1
167 198 1
168 169 1
168 170 1
168 171 1
168 172 1
168 176 1
168 180 1
168 181 1
168 184 1
168 186 1
168 193 1
168 194 1
168 198 1
169 170 1
169 171 1
169 175 1
169 176 1
169 179 1
169 180 1
169 181 1
169 183 1
169 186 1
169 187 1
169 190 1
169 191 1
170 174 1
170 181 1
170 184 1
170 194 1
170 197 1
171 173 1
171 179 1
171 181 1
171 187 1
171 192 1
171 193 1
171 198 1
171 199 1
171 200 1
172 176 1
172 177 1
172 180 1
172 181 1
172 184 1
172 191 1
172 194 1
172 196 1
172 198 1
173 184 1
173 186 1
173 194 1
173 197 1
173 198 1
173 199 1
173 200 1
174 177 1
174 185 1
174 196 1
174 200 1
175 177 1
175 180 1
175 181 1
175 182 1
175 190 1
175 192 1
175 194 1
175 199 1
176 183 1
176 191 1
176 195 1
176 196 1
177 182 1
177 184 1
177 187 1
177 195 1
177 196 1
178 180 1
178 185 1
178 193 1
178 194 1
178 196 1
178 199 1
179 188 1
179 198 1
180 181 1
180 184 1
180 185 1
180 187 1
180 193 1
180 195 1
181 183 1
181 184 1
181 187 1
181 199 1
181 200 1
182 188 1
182 189 1
182 194 1
182 195 1
182 199 1
182 200 1
183 187 1
183 189 1
183 191 1
183 192 1
183 193 1
183 195 1
183 197 1
184 188 1
184 192 1
184 197 1
185 196 1
186 196 1
186 198 1
187 188 1
187 191 1
187 192 1
187 196 1
187 197 1
187 199 1
188 189 1
188 190 1
188 194 1
188 195 1
188 200 1
189 190 1
189 192 1
189 193 1
189 196 1
190 191 1
190 196 1
192 200 1
193 196 1
195 196 1
195 197 1
199 200 1
